Stellar XLM
May 08, 2018	0.396568	0.411193	0.379952	0.386371	50,210,900	7,365,120,000
May 07, 2018	0.413665	0.414859	0.381616	0.395702	48,023,200	7,682,610,000
May 06, 2018	0.430338	0.432132	0.408050	0.412944	43,793,500	7,992,240,000
May 05, 2018	0.431216	0.435669	0.428005	0.430875	44,096,200	8,008,540,000
May 04, 2018	0.438234	0.439682	0.425356	0.431140	51,379,800	8,138,850,000
May 03, 2018	0.439016	0.442878	0.429411	0.437379	83,481,300	8,153,360,000
May 02, 2018	0.439037	0.446807	0.434455	0.439227	68,610,900	8,153,700,000
May 01, 2018	0.425853	0.451238	0.397226	0.439733	152,906,000	7,908,680,000
Apr 30, 2018	0.458688	0.460128	0.417446	0.424659	81,453,300	8,518,430,000
Apr 29, 2018	0.429945	0.461518	0.424669	0.458405	156,689,000	7,984,600,000
Apr 28, 2018	0.390447	0.435816	0.390447	0.428918	105,747,000	7,251,030,000
Apr 27, 2018	0.386439	0.425157	0.383910	0.391085	177,677,000	7,176,440,000
Apr 26, 2018	0.341455	0.388597	0.331014	0.387556	152,903,000	6,340,980,000
Apr 25, 2018	0.397897	0.398400	0.329635	0.339517	130,724,000	7,389,130,000
Apr 24, 2018	0.372631	0.407527	0.370864	0.400670	120,285,000	6,919,630,000
Apr 23, 2018	0.367921	0.375050	0.367044	0.372128	57,282,000	6,832,160,000
Apr 22, 2018	0.375207	0.383253	0.365541	0.368139	64,261,400	6,967,460,000
Apr 21, 2018	0.391513	0.398127	0.348400	0.375663	119,787,000	7,270,260,000
Apr 20, 2018	0.366551	0.398048	0.356500	0.391165	170,282,000	6,806,570,000
Apr 19, 2018	0.354726	0.377249	0.349030	0.366120	171,820,000	6,586,850,000
Apr 18, 2018	0.300338	0.353661	0.300338	0.351544	158,385,000	5,576,720,000
Apr 17, 2018	0.284747	0.317498	0.279779	0.300202	112,255,000	5,284,830,000
Apr 16, 2018	0.290237	0.301667	0.272608	0.284156	90,408,600	5,386,700,000
Apr 15, 2018	0.250979	0.296395	0.250979	0.290722	129,731,000	4,658,090,000
Apr 14, 2018	0.245338	0.259121	0.242600	0.250668	44,754,800	4,553,400,000
Apr 13, 2018	0.241112	0.267080	0.232920	0.246290	112,587,000	4,474,920,000
Apr 12, 2018	0.211258	0.242264	0.206995	0.242120	103,292,000	3,919,100,000
Apr 11, 2018	0.199526	0.212465	0.198926	0.212337	40,041,100	3,701,460,000
Apr 10, 2018	0.197444	0.201289	0.196407	0.199344	26,841,200	3,662,770,000
Apr 09, 2018	0.206718	0.213455	0.192837	0.197333	36,684,300	3,834,820,000
Apr 08, 2018	0.201817	0.207877	0.201279	0.206377	18,973,800	3,743,890,000
Apr 07, 2018	0.193547	0.205750	0.192891	0.201859	27,242,100	3,590,470,000
Apr 06, 2018	0.197781	0.199645	0.189090	0.193317	30,056,300	3,669,020,000
Apr 05, 2018	0.207124	0.209153	0.191903	0.197940	46,694,000	3,842,330,000
Apr 04, 2018	0.233729	0.236577	0.202380	0.204108	58,482,100	4,335,890,000
Apr 03, 2018	0.225992	0.239845	0.225069	0.235691	76,510,100	4,192,290,000
Apr 02, 2018	0.207131	0.233383	0.204698	0.224878	70,195,700	3,842,400,000
Apr 01, 2018	0.207723	0.213390	0.190688	0.206582	43,075,500	3,853,390,000
Mar 31, 2018	0.189039	0.220780	0.189039	0.206778	82,895,900	3,506,780,000
Mar 30, 2018	0.190582	0.199357	0.174934	0.188733	37,767,000	3,535,400,000
Mar 29, 2018	0.219226	0.221460	0.187853	0.190819	44,352,600	4,066,780,000
Mar 28, 2018	0.215889	0.225843	0.215086	0.219251	21,717,600	4,004,870,000
Mar 27, 2018	0.228565	0.229138	0.205230	0.216033	37,693,300	4,239,960,000
Mar 26, 2018	0.239258	0.246144	0.217238	0.228861	44,406,300	4,437,990,000
Mar 25, 2018	0.233062	0.242739	0.230378	0.239952	31,527,600	4,323,060,000
Mar 24, 2018	0.237745	0.245778	0.234044	0.235422	37,806,800	4,409,910,000
Mar 23, 2018	0.242993	0.242993	0.224581	0.236147	49,937,100	4,507,260,000
Mar 22, 2018	0.255170	0.259328	0.228713	0.243212	53,777,200	4,733,130,000
Mar 21, 2018	0.270670	0.271789	0.249781	0.254636	93,970,500	5,020,630,000
Mar 20, 2018	0.249992	0.282082	0.235574	0.267968	88,101,600	4,624,530,000
Mar 19, 2018	0.222368	0.250226	0.212955	0.250226	93,820,800	4,113,520,000
Mar 18, 2018	0.206409	0.222828	0.158913	0.220473	91,400,500	3,818,300,000
Mar 17, 2018	0.230277	0.234321	0.200989	0.206731	33,001,800	4,259,820,000
Mar 16, 2018	0.240988	0.241545	0.227545	0.229991	23,756,700	4,457,950,000
Mar 15, 2018	0.248854	0.250575	0.217064	0.240655	54,358,800	4,603,470,000
Mar 14, 2018	0.291850	0.297763	0.240711	0.248689	49,138,300	5,398,850,000
Mar 13, 2018	0.290151	0.301183	0.282290	0.290193	24,814,700	5,367,350,000
Mar 12, 2018	0.304301	0.312193	0.286332	0.291765	29,443,200	5,629,090,000
Mar 11, 2018	0.291868	0.306688	0.280042	0.304217	26,023,900	5,399,090,000
Mar 10, 2018	0.315618	0.320392	0.290070	0.292661	21,963,200	5,838,430,000
Mar 09, 2018	0.311237	0.315440	0.267454	0.311859	56,838,800	5,757,390,000
Mar 08, 2018	0.329847	0.341127	0.306218	0.311938	47,233,100	6,091,740,000
Mar 07, 2018	0.337814	0.349137	0.300388	0.329103	62,389,100	6,238,880,000
Mar 06, 2018	0.351753	0.366554	0.335254	0.337911	44,141,000	6,496,220,000
Mar 05, 2018	0.363777	0.398224	0.352031	0.352031	98,523,700	6,718,270,000
Mar 04, 2018	0.354031	0.363792	0.342398	0.361930	99,892,700	6,538,290,000
Mar 03, 2018	0.319021	0.350168	0.313368	0.350168	52,827,100	5,891,720,000
Mar 02, 2018	0.338691	0.340805	0.318850	0.320107	38,378,100	6,254,990,000
Mar 01, 2018	0.334118	0.347566	0.321558	0.339314	46,631,800	6,170,520,000
Feb 28, 2018	0.360410	0.364738	0.333916	0.333916	38,961,000	6,656,080,000
Feb 27, 2018	0.364632	0.372450	0.354834	0.362051	38,136,100	6,733,960,000
Feb 26, 2018	0.358687	0.371765	0.346502	0.364579	42,535,600	6,624,170,000
Feb 25, 2018	0.354549	0.366940	0.336719	0.357302	42,268,800	6,547,760,000
Feb 24, 2018	0.382687	0.386899	0.346156	0.355163	34,738,100	7,067,390,000
Feb 23, 2018	0.364134	0.390408	0.352623	0.381985	56,829,000	6,724,760,000
Feb 22, 2018	0.393891	0.408898	0.358483	0.366447	69,561,100	7,274,300,000
Feb 21, 2018	0.399718	0.433562	0.379845	0.396765	132,189,000	7,381,920,000
Feb 20, 2018	0.452845	0.455373	0.399315	0.402289	104,842,000	8,362,940,000
Feb 19, 2018	0.450437	0.461753	0.448995	0.452932	57,015,400	8,318,460,000
Feb 18, 2018	0.479855	0.486165	0.441988	0.450399	74,452,000	8,847,360,000
Feb 17, 2018	0.455103	0.483244	0.451585	0.479075	104,733,000	8,390,980,000
Feb 16, 2018	0.451796	0.458327	0.441777	0.455446	53,289,200	8,330,000,000
Feb 15, 2018	0.452048	0.463623	0.444260	0.453556	106,142,000	8,334,660,000
Feb 14, 2018	0.409872	0.457474	0.402079	0.453888	192,629,000	7,554,980,000
Feb 13, 2018	0.396419	0.435547	0.374388	0.410614	196,175,000	7,306,910,000
Feb 12, 2018	0.374181	0.401820	0.374181	0.395649	61,140,000	6,897,000,000
Feb 11, 2018	0.406615	0.406615	0.357825	0.370005	85,791,700	7,494,820,000
Feb 10, 2018	0.398440	0.453920	0.384953	0.406856	227,551,000	7,344,120,000