Cardano ADA
May 08, 2018	0.335595	0.348219	0.323071	0.328352	142,455,000	8,700,990,000
May 07, 2018	0.349948	0.349948	0.323506	0.335176	171,385,000	9,073,140,000
May 06, 2018	0.365933	0.365933	0.341467	0.350021	148,186,000	9,487,570,000
May 05, 2018	0.361318	0.373605	0.360962	0.366338	139,447,000	9,367,930,000
May 04, 2018	0.370777	0.370777	0.350842	0.360182	171,266,000	9,613,160,000
May 03, 2018	0.371926	0.389749	0.368789	0.369709	300,814,000	9,642,940,000
May 02, 2018	0.357602	0.376704	0.349324	0.372420	272,855,000	9,271,580,000
May 01, 2018	0.342953	0.363261	0.323701	0.358693	365,522,000	8,891,770,000
Apr 30, 2018	0.364297	0.364297	0.336625	0.343318	298,712,000	9,445,160,000
Apr 29, 2018	0.360670	0.387901	0.347508	0.365057	671,887,000	9,351,120,000
Apr 28, 2018	0.287130	0.364954	0.287130	0.357874	636,742,000	7,444,430,000
Apr 27, 2018	0.294589	0.307469	0.287786	0.288489	197,183,000	7,637,830,000
Apr 26, 2018	0.270795	0.294972	0.259865	0.294295	220,715,000	7,020,930,000
Apr 25, 2018	0.312805	0.312805	0.265164	0.271654	351,596,000	8,110,120,000
Apr 24, 2018	0.288539	0.318699	0.287331	0.312875	369,017,000	7,480,970,000
Apr 23, 2018	0.285558	0.289623	0.283558	0.288473	127,213,000	7,403,680,000
Apr 22, 2018	0.287488	0.296879	0.280765	0.285535	160,968,000	7,453,720,000
Apr 21, 2018	0.302292	0.307552	0.272684	0.290580	294,633,000	7,837,560,000
Apr 20, 2018	0.270986	0.301641	0.269697	0.301247	349,349,000	7,025,860,000
Apr 19, 2018	0.267493	0.273836	0.260818	0.272358	240,910,000	6,935,310,000
Apr 18, 2018	0.242734	0.262368	0.242734	0.260341	181,118,000	6,293,390,000
Apr 17, 2018	0.255090	0.272641	0.242771	0.243724	520,975,000	6,613,730,000
Apr 16, 2018	0.221889	0.256646	0.211808	0.256646	678,781,000	5,752,930,000
Apr 15, 2018	0.201389	0.223444	0.199940	0.221390	169,798,000	5,221,430,000
Apr 14, 2018	0.198675	0.206495	0.194708	0.200853	113,212,000	5,151,050,000
Apr 13, 2018	0.211632	0.218382	0.196567	0.200532	230,413,000	5,487,000,000
Apr 12, 2018	0.166757	0.214525	0.164530	0.212233	488,007,000	4,323,520,000
Apr 11, 2018	0.156761	0.166431	0.154079	0.166029	91,793,300	4,064,350,000
Apr 10, 2018	0.153240	0.157820	0.149316	0.156347	55,981,300	3,973,070,000
Apr 09, 2018	0.157094	0.165656	0.147478	0.153106	93,021,900	4,072,980,000
Apr 08, 2018	0.148825	0.158452	0.148825	0.156599	51,093,100	3,858,610,000
Apr 07, 2018	0.144885	0.151469	0.143829	0.148794	48,205,400	3,756,440,000
Apr 06, 2018	0.148394	0.150481	0.141830	0.144451	51,827,500	3,847,430,000
Apr 05, 2018	0.155592	0.156204	0.143742	0.148758	113,407,000	4,034,050,000
Apr 04, 2018	0.171158	0.179172	0.153626	0.155356	154,801,000	4,437,630,000
Apr 03, 2018	0.157864	0.173438	0.155254	0.172447	155,987,000	4,092,940,000
Apr 02, 2018	0.151691	0.158797	0.148590	0.156385	102,697,000	3,932,900,000
Apr 01, 2018	0.156597	0.160825	0.141343	0.150768	100,833,000	4,060,110,000
Mar 31, 2018	0.147115	0.160559	0.144857	0.155919	113,124,000	3,814,260,000
Mar 30, 2018	0.146654	0.151782	0.136317	0.147209	119,874,000	3,802,310,000
Mar 29, 2018	0.160143	0.160614	0.145712	0.146882	103,465,000	4,152,040,000
Mar 28, 2018	0.155196	0.165599	0.154465	0.160058	60,260,800	4,023,780,000
Mar 27, 2018	0.168215	0.169225	0.150164	0.154926	107,510,000	4,361,310,000
Mar 26, 2018	0.183960	0.185421	0.161128	0.167806	117,497,000	4,769,560,000
Mar 25, 2018	0.188396	0.189128	0.181700	0.184605	59,349,400	4,884,550,000
Mar 24, 2018	0.188844	0.201190	0.183017	0.189201	132,660,000	4,896,170,000
Mar 23, 2018	0.202298	0.202812	0.181424	0.189259	148,850,000	5,245,000,000
Mar 22, 2018	0.215403	0.221969	0.192132	0.203481	201,540,000	5,584,770,000
Mar 21, 2018	0.205315	0.227502	0.201448	0.213189	257,686,000	5,323,220,000
Mar 20, 2018	0.193447	0.212004	0.180294	0.204947	249,683,000	5,015,520,000
Mar 19, 2018	0.160749	0.197648	0.156935	0.197648	321,964,000	4,167,750,000
Mar 18, 2018	0.153931	0.161959	0.127046	0.156155	189,689,000	3,990,970,000
Mar 17, 2018	0.178770	0.179160	0.153132	0.154763	81,096,600	4,634,990,000
Mar 16, 2018	0.186788	0.186788	0.175057	0.178878	97,455,300	4,842,870,000
Mar 15, 2018	0.198755	0.201611	0.172485	0.185709	204,233,000	5,153,130,000
Mar 14, 2018	0.223430	0.233147	0.196005	0.199562	144,156,000	5,792,890,000
Mar 13, 2018	0.223110	0.229146	0.215402	0.223026	98,868,700	5,784,580,000
Mar 12, 2018	0.224104	0.237342	0.219654	0.223722	184,250,000	5,810,350,000
Mar 11, 2018	0.209721	0.227322	0.198153	0.223498	161,362,000	5,437,450,000
Mar 10, 2018	0.225216	0.226558	0.208859	0.209873	129,138,000	5,839,200,000
Mar 09, 2018	0.221286	0.225115	0.191804	0.222207	246,849,000	5,737,300,000
Mar 08, 2018	0.248160	0.254354	0.221131	0.221743	167,809,000	6,434,060,000
Mar 07, 2018	0.284674	0.287598	0.236256	0.247281	190,793,000	7,380,750,000
Mar 06, 2018	0.295947	0.303019	0.283993	0.285357	110,305,000	7,673,040,000
Mar 05, 2018	0.299897	0.317723	0.291055	0.297622	202,675,000	7,775,450,000
Mar 04, 2018	0.296285	0.303588	0.286193	0.300787	94,436,000	7,681,810,000
Mar 03, 2018	0.292952	0.309129	0.292507	0.297106	115,320,000	7,595,380,000
Mar 02, 2018	0.304424	0.307058	0.288875	0.293504	107,240,000	7,892,830,000
Mar 01, 2018	0.311973	0.311973	0.288392	0.304397	184,691,000	8,088,540,000
Feb 28, 2018	0.334486	0.336163	0.312563	0.312581	114,757,000	8,672,230,000
Feb 27, 2018	0.339132	0.341189	0.330971	0.335536	106,757,000	8,792,710,000
Feb 26, 2018	0.345272	0.346955	0.322210	0.338335	201,813,000	8,951,880,000
Feb 25, 2018	0.322152	0.354572	0.314411	0.344033	247,808,000	8,352,460,000
Feb 24, 2018	0.343668	0.352488	0.316064	0.322966	133,524,000	8,910,300,000
Feb 23, 2018	0.334758	0.351240	0.322811	0.345258	222,509,000	8,679,300,000
Feb 22, 2018	0.362651	0.372116	0.330518	0.337871	208,342,000	9,402,480,000
Feb 21, 2018	0.375593	0.383513	0.363394	0.364441	242,378,000	9,738,030,000
Feb 20, 2018	0.390942	0.404329	0.377539	0.378779	281,250,000	10,136,000,000
Feb 19, 2018	0.386930	0.396608	0.386224	0.391472	169,966,000	10,032,000,000
Feb 18, 2018	0.418355	0.420010	0.380787	0.385618	251,314,000	10,846,700,000
Feb 17, 2018	0.402403	0.428074	0.401056	0.419883	341,415,000	10,433,100,000
Feb 16, 2018	0.410142	0.412404	0.392676	0.403810	192,420,000	10,633,800,000
Feb 15, 2018	0.394671	0.416687	0.389937	0.409368	348,342,000	10,232,700,000
Feb 14, 2018	0.373766	0.401321	0.370393	0.396908	299,009,000	9,690,670,000
Feb 13, 2018	0.383436	0.387018	0.359920	0.373314	225,695,000	9,941,370,000
Feb 12, 2018	0.372595	0.393307	0.372595	0.384315	243,039,000	9,660,290,000
Feb 11, 2018	0.405104	0.405196	0.363624	0.369769	331,944,000	10,503,200,000
Feb 10, 2018	0.386671	0.462766	0.385368	0.405872	951,824,000	10,025,200,000
Feb 09, 2018	0.352848	0.394133	0.342911	0.391602	401,271,000	9,148,310,000
