May 08, 2018	1,673.07	1,693.35	1,569.44	1,611.94	1,060,740,000	28,635,500,000
May 07, 2018	1,766.66	1,781.47	1,590.30	1,655.20	1,407,630,000	30,234,100,000
May 06, 2018	1,758.83	1,838.49	1,670.34	1,765.69	1,946,960,000	30,097,000,000
May 05, 2018	1,516.74	1,753.11	1,515.07	1,752.10	1,664,400,000	25,951,400,000
May 04, 2018	1,501.40	1,538.46	1,466.21	1,517.33	960,185,000	25,686,300,000
May 03, 2018	1,459.55	1,536.80	1,454.97	1,511.97	1,282,660,000	24,967,800,000
May 02, 2018	1,353.54	1,480.58	1,326.91	1,458.72	1,165,140,000	23,151,900,000
May 01, 2018	1,348.64	1,351.28	1,261.60	1,351.28	774,633,000	23,065,700,000
Apr 30, 2018	1,440.96	1,440.96	1,339.36	1,350.05	753,114,000	24,642,000,000
Apr 29, 2018	1,393.99	1,477.31	1,378.01	1,440.30	1,049,450,000	23,836,300,000
Apr 28, 2018	1,337.96	1,418.61	1,334.27	1,396.25	808,802,000	22,875,800,000
Apr 27, 2018	1,422.06	1,422.06	1,337.85	1,337.85	905,273,000	24,311,000,000
Apr 26, 2018	1,289.54	1,420.41	1,250.86	1,420.41	1,281,930,000	22,043,200,000
Apr 25, 2018	1,426.71	1,437.18	1,246.61	1,284.79	1,830,970,000	24,385,300,000
Apr 24, 2018	1,434.01	1,560.94	1,414.11	1,426.42	2,053,920,000	24,507,700,000
Apr 23, 2018	1,194.71	1,443.27	1,194.71	1,432.26	1,934,290,000	20,415,700,000
Apr 22, 2018	1,147.48	1,250.51	1,116.27	1,201.22	968,409,000	19,606,600,000
Apr 21, 2018	1,126.86	1,172.28	1,028.03	1,154.69	1,093,510,000	19,252,100,000
Apr 20, 2018	970.15		1,142.50	947.88		1,128.02	1,006,640,000	16,572,900,000
Apr 19, 2018	890.66		983.58		878.45		968.64		658,165,000	15,213,400,000
Apr 18, 2018	758.25		893.57		757.39		888.91		634,653,000	12,950,200,000
Apr 17, 2018	766.70		784.49		755.38		757.59		331,701,000	13,093,100,000
Apr 16, 2018	781.12		797.88		745.73		766.47		382,080,000	13,338,000,000
Apr 15, 2018	741.91		785.35		741.91		780.83		327,336,000	12,667,100,000
Apr 14, 2018	738.72		760.48		723.22		738.99		267,415,000	12,611,200,000
Apr 13, 2018	735.78		781.13		725.40		738.30		384,095,000	12,559,600,000
Apr 12, 2018	666.39		734.48		658.93		734.48		417,017,000	11,374,200,000
Apr 11, 2018	648.90		666.58		648.90		666.58		252,158,000	11,074,400,000
Apr 10, 2018	637.70		657.01		628.86		649.62		225,054,000	10,882,100,000
Apr 09, 2018	656.09		680.60		627.32		637.03		254,947,000	11,194,800,000
Apr 08, 2018	640.89		659.81		640.89		655.26		198,906,000	10,934,300,000
Apr 07, 2018	611.20		652.59		610.41		640.35		231,143,000	10,426,600,000
Apr 06, 2018	641.86		646.08		603.71		610.43		225,186,000	10,948,500,000
Apr 05, 2018	648.63		655.52		620.10		646.04		243,989,000	11,062,800,000
Apr 04, 2018	710.47		711.27		638.01		649.20		282,960,000	12,116,300,000
Apr 03, 2018	664.15		719.77		660.35		712.88		303,771,000	11,325,100,000
Apr 02, 2018	644.46		686.03		641.43		662.77		282,036,000	10,988,300,000
Apr 01, 2018	688.01		699.05		629.93		643.03		318,440,000	11,729,600,000
Mar 31, 2018	697.62		735.82		683.99		685.25		306,972,000	11,892,100,000
Mar 30, 2018	712.41		766.97		677.53		697.01		416,567,000	12,142,900,000
Mar 29, 2018	861.61		867.31		703.18		714.27		452,656,000	14,684,500,000
Mar 28, 2018	876.36		897.63		852.88		860.52		337,268,000	14,934,500,000
Mar 27, 2018	916.99		926.38		876.33		876.33		339,011,000	15,625,100,000
Mar 26, 2018	967.90		975.61		887.00		919.25		347,366,000	16,490,800,000
Mar 25, 2018	973.60		991.07		965.52		966.88		237,008,000	16,586,300,000
Mar 24, 2018	1,028.12	1,030.43	982.30		982.30		264,080,000	17,513,300,000
Mar 23, 2018	1,011.83	1,019.43	966.40		1,019.43	303,600,000	17,233,800,000
Mar 22, 2018	1,033.26	1,064.22	992.56		1,011.52	344,283,000	17,597,100,000
Mar 21, 2018	1,066.03	1,082.35	1,016.37	1,033.45	389,291,000	18,153,200,000
Mar 20, 2018	998.17		1,072.42	958.51		1,059.12	503,262,000	16,996,000,000
Mar 19, 2018	942.60		997.28		915.51		994.68		425,419,000	16,048,000,000
Mar 18, 2018	948.28		948.28		851.61		938.12		435,070,000	16,143,000,000
Mar 17, 2018	974.70		1,028.73	930.44		949.78		411,316,000	16,591,000,000
Mar 16, 2018	943.60		1,053.63	902.78		977.04		472,033,000	16,059,900,000
Mar 15, 2018	949.77		954.41		877.10		943.64		374,741,000	16,163,200,000
Mar 14, 2018	1,071.50	1,073.12	924.41		949.47		406,616,000	18,233,000,000
Mar 13, 2018	1,051.07	1,100.07	999.75		1,064.03	458,028,000	17,883,400,000
Mar 12, 2018	1,143.94	1,152.56	1,022.03	1,051.28	425,558,000	19,461,500,000
Mar 11, 2018	1,002.55	1,157.07	973.36		1,145.17	514,167,000	17,054,300,000
Mar 10, 2018	1,071.15	1,087.30	994.19		1,005.93	370,367,000	18,219,100,000
Mar 09, 2018	1,034.69	1,071.65	937.97		1,067.02	510,887,000	17,597,200,000
Mar 08, 2018	1,094.64	1,113.61	1,006.86	1,040.21	446,519,000	18,614,800,000
Mar 07, 2018	1,205.84	1,218.84	1,043.70	1,092.16	455,225,000	20,503,500,000
Mar 06, 2018	1,264.19	1,264.19	1,179.85	1,206.04	401,782,000	21,493,500,000
Mar 05, 2018	1,287.10	1,291.88	1,268.03	1,268.03	350,078,000	21,880,600,000
Mar 04, 2018	1,267.86	1,289.72	1,225.10	1,289.08	367,584,000	21,551,400,000
Mar 03, 2018	1,274.67	1,302.80	1,257.76	1,270.38	371,664,000	21,664,900,000
Mar 02, 2018	1,284.95	1,303.66	1,255.37	1,275.18	421,498,000	21,837,400,000
Mar 01, 2018	1,204.84	1,303.45	1,195.03	1,291.92	482,240,000	20,473,600,000
Feb 28, 2018	1,243.26	1,275.66	1,204.16	1,204.16	375,301,000	21,124,100,000
Feb 27, 2018	1,255.45	1,297.69	1,231.99	1,246.66	420,912,000	21,329,300,000
Feb 26, 2018	1,177.58	1,274.86	1,149.44	1,250.56	460,182,000	20,004,000,000
Feb 25, 2018	1,191.35	1,210.20	1,143.07	1,178.10	362,665,000	20,235,800,000
Feb 24, 2018	1,266.56	1,309.38	1,149.48	1,193.27	413,263,000	21,511,100,000
Feb 23, 2018	1,217.36	1,319.33	1,161.42	1,270.71	492,542,000	20,673,300,000
Feb 22, 2018	1,304.66	1,350.34	1,194.05	1,219.49	475,079,000	22,153,600,000
Feb 21, 2018	1,412.85	1,423.94	1,293.47	1,308.46	575,354,000	23,988,100,000
Feb 20, 2018	1,543.27	1,569.03	1,414.35	1,418.73	820,947,000	26,199,800,000
Feb 19, 2018	1,483.34	1,553.81	1,483.34	1,534.77	578,906,000	25,179,700,000
Feb 18, 2018	1,552.10	1,641.40	1,428.49	1,487.46	907,873,000	26,344,200,000
Feb 17, 2018	1,548.48	1,568.64	1,517.14	1,551.39	641,719,000	26,280,100,000
Feb 16, 2018	1,373.16	1,558.66	1,369.68	1,552.20	961,010,000	23,302,000,000
Feb 15, 2018	1,358.65	1,400.71	1,330.18	1,375.81	502,454,000	23,053,300,000
Feb 14, 2018	1,229.18	1,384.06	1,229.18	1,362.27	629,852,000	20,854,300,000
Feb 13, 2018	1,285.23	1,289.42	1,205.73	1,231.98	442,663,000	21,803,000,000
Feb 12, 2018	1,222.43	1,302.66	1,222.43	1,283.91	466,213,000	20,735,400,000
Feb 11, 2018	1,255.59	1,306.20	1,197.87	1,217.64	651,555,000	21,295,600,000
Feb 10, 2018	1,311.99	1,394.81	1,215.72	1,257.31	734,606,000	22,249,700,000