Cardano ADA
May 08, 2018	0.335595	0.348219	0.323071	0.328352	142,455,000	8,700,990,000
May 07, 2018	0.349948	0.349948	0.323506	0.335176	171,385,000	9,073,140,000
May 06, 2018	0.365933	0.365933	0.341467	0.350021	148,186,000	9,487,570,000
May 05, 2018	0.361318	0.373605	0.360962	0.366338	139,447,000	9,367,930,000
May 04, 2018	0.370777	0.370777	0.350842	0.360182	171,266,000	9,613,160,000
May 03, 2018	0.371926	0.389749	0.368789	0.369709	300,814,000	9,642,940,000
May 02, 2018	0.357602	0.376704	0.349324	0.372420	272,855,000	9,271,580,000
May 01, 2018	0.342953	0.363261	0.323701	0.358693	365,522,000	8,891,770,000
Apr 30, 2018	0.364297	0.364297	0.336625	0.343318	298,712,000	9,445,160,000
Apr 29, 2018	0.360670	0.387901	0.347508	0.365057	671,887,000	9,351,120,000
Apr 28, 2018	0.287130	0.364954	0.287130	0.357874	636,742,000	7,444,430,000
Apr 27, 2018	0.294589	0.307469	0.287786	0.288489	197,183,000	7,637,830,000
Apr 26, 2018	0.270795	0.294972	0.259865	0.294295	220,715,000	7,020,930,000
Apr 25, 2018	0.312805	0.312805	0.265164	0.271654	351,596,000	8,110,120,000
Apr 24, 2018	0.288539	0.318699	0.287331	0.312875	369,017,000	7,480,970,000
Apr 23, 2018	0.285558	0.289623	0.283558	0.288473	127,213,000	7,403,680,000
Apr 22, 2018	0.287488	0.296879	0.280765	0.285535	160,968,000	7,453,720,000
Apr 21, 2018	0.302292	0.307552	0.272684	0.290580	294,633,000	7,837,560,000
Apr 20, 2018	0.270986	0.301641	0.269697	0.301247	349,349,000	7,025,860,000
Apr 19, 2018	0.267493	0.273836	0.260818	0.272358	240,910,000	6,935,310,000
Apr 18, 2018	0.242734	0.262368	0.242734	0.260341	181,118,000	6,293,390,000
Apr 17, 2018	0.255090	0.272641	0.242771	0.243724	520,975,000	6,613,730,000
Apr 16, 2018	0.221889	0.256646	0.211808	0.256646	678,781,000	5,752,930,000
Apr 15, 2018	0.201389	0.223444	0.199940	0.221390	169,798,000	5,221,430,000
Apr 14, 2018	0.198675	0.206495	0.194708	0.200853	113,212,000	5,151,050,000
Apr 13, 2018	0.211632	0.218382	0.196567	0.200532	230,413,000	5,487,000,000
Apr 12, 2018	0.166757	0.214525	0.164530	0.212233	488,007,000	4,323,520,000
Apr 11, 2018	0.156761	0.166431	0.154079	0.166029	91,793,300	4,064,350,000
Apr 10, 2018	0.153240	0.157820	0.149316	0.156347	55,981,300	3,973,070,000
Apr 09, 2018	0.157094	0.165656	0.147478	0.153106	93,021,900	4,072,980,000
Apr 08, 2018	0.148825	0.158452	0.148825	0.156599	51,093,100	3,858,610,000
Apr 07, 2018	0.144885	0.151469	0.143829	0.148794	48,205,400	3,756,440,000
Apr 06, 2018	0.148394	0.150481	0.141830	0.144451	51,827,500	3,847,430,000
Apr 05, 2018	0.155592	0.156204	0.143742	0.148758	113,407,000	4,034,050,000
Apr 04, 2018	0.171158	0.179172	0.153626	0.155356	154,801,000	4,437,630,000
Apr 03, 2018	0.157864	0.173438	0.155254	0.172447	155,987,000	4,092,940,000
Apr 02, 2018	0.151691	0.158797	0.148590	0.156385	102,697,000	3,932,900,000
Apr 01, 2018	0.156597	0.160825	0.141343	0.150768	100,833,000	4,060,110,000
Mar 31, 2018	0.147115	0.160559	0.144857	0.155919	113,124,000	3,814,260,000
Mar 30, 2018	0.146654	0.151782	0.136317	0.147209	119,874,000	3,802,310,000
Mar 29, 2018	0.160143	0.160614	0.145712	0.146882	103,465,000	4,152,040,000
Mar 28, 2018	0.155196	0.165599	0.154465	0.160058	60,260,800	4,023,780,000
Mar 27, 2018	0.168215	0.169225	0.150164	0.154926	107,510,000	4,361,310,000
Mar 26, 2018	0.183960	0.185421	0.161128	0.167806	117,497,000	4,769,560,000
Mar 25, 2018	0.188396	0.189128	0.181700	0.184605	59,349,400	4,884,550,000
Mar 24, 2018	0.188844	0.201190	0.183017	0.189201	132,660,000	4,896,170,000
Mar 23, 2018	0.202298	0.202812	0.181424	0.189259	148,850,000	5,245,000,000
Mar 22, 2018	0.215403	0.221969	0.192132	0.203481	201,540,000	5,584,770,000
Mar 21, 2018	0.205315	0.227502	0.201448	0.213189	257,686,000	5,323,220,000
Mar 20, 2018	0.193447	0.212004	0.180294	0.204947	249,683,000	5,015,520,000
Mar 19, 2018	0.160749	0.197648	0.156935	0.197648	321,964,000	4,167,750,000
Mar 18, 2018	0.153931	0.161959	0.127046	0.156155	189,689,000	3,990,970,000
Mar 17, 2018	0.178770	0.179160	0.153132	0.154763	81,096,600	4,634,990,000
Mar 16, 2018	0.186788	0.186788	0.175057	0.178878	97,455,300	4,842,870,000
Mar 15, 2018	0.198755	0.201611	0.172485	0.185709	204,233,000	5,153,130,000
Mar 14, 2018	0.223430	0.233147	0.196005	0.199562	144,156,000	5,792,890,000
Mar 13, 2018	0.223110	0.229146	0.215402	0.223026	98,868,700	5,784,580,000
Mar 12, 2018	0.224104	0.237342	0.219654	0.223722	184,250,000	5,810,350,000
Mar 11, 2018	0.209721	0.227322	0.198153	0.223498	161,362,000	5,437,450,000
Mar 10, 2018	0.225216	0.226558	0.208859	0.209873	129,138,000	5,839,200,000
Mar 09, 2018	0.221286	0.225115	0.191804	0.222207	246,849,000	5,737,300,000
Mar 08, 2018	0.248160	0.254354	0.221131	0.221743	167,809,000	6,434,060,000
Mar 07, 2018	0.284674	0.287598	0.236256	0.247281	190,793,000	7,380,750,000
Mar 06, 2018	0.295947	0.303019	0.283993	0.285357	110,305,000	7,673,040,000
Mar 05, 2018	0.299897	0.317723	0.291055	0.297622	202,675,000	7,775,450,000
Mar 04, 2018	0.296285	0.303588	0.286193	0.300787	94,436,000	7,681,810,000
Mar 03, 2018	0.292952	0.309129	0.292507	0.297106	115,320,000	7,595,380,000
Mar 02, 2018	0.304424	0.307058	0.288875	0.293504	107,240,000	7,892,830,000
Mar 01, 2018	0.311973	0.311973	0.288392	0.304397	184,691,000	8,088,540,000
Feb 28, 2018	0.334486	0.336163	0.312563	0.312581	114,757,000	8,672,230,000
Feb 27, 2018	0.339132	0.341189	0.330971	0.335536	106,757,000	8,792,710,000
Feb 26, 2018	0.345272	0.346955	0.322210	0.338335	201,813,000	8,951,880,000
Feb 25, 2018	0.322152	0.354572	0.314411	0.344033	247,808,000	8,352,460,000
Feb 24, 2018	0.343668	0.352488	0.316064	0.322966	133,524,000	8,910,300,000
Feb 23, 2018	0.334758	0.351240	0.322811	0.345258	222,509,000	8,679,300,000
Feb 22, 2018	0.362651	0.372116	0.330518	0.337871	208,342,000	9,402,480,000
Feb 21, 2018	0.375593	0.383513	0.363394	0.364441	242,378,000	9,738,030,000
Feb 20, 2018	0.390942	0.404329	0.377539	0.378779	281,250,000	10,136,000,000
Feb 19, 2018	0.386930	0.396608	0.386224	0.391472	169,966,000	10,032,000,000
Feb 18, 2018	0.418355	0.420010	0.380787	0.385618	251,314,000	10,846,700,000
Feb 17, 2018	0.402403	0.428074	0.401056	0.419883	341,415,000	10,433,100,000
Feb 16, 2018	0.410142	0.412404	0.392676	0.403810	192,420,000	10,633,800,000
Feb 15, 2018	0.394671	0.416687	0.389937	0.409368	348,342,000	10,232,700,000
Feb 14, 2018	0.373766	0.401321	0.370393	0.396908	299,009,000	9,690,670,000
Feb 13, 2018	0.383436	0.387018	0.359920	0.373314	225,695,000	9,941,370,000
Feb 12, 2018	0.372595	0.393307	0.372595	0.384315	243,039,000	9,660,290,000
Feb 11, 2018	0.405104	0.405196	0.363624	0.369769	331,944,000	10,503,200,000
Feb 10, 2018	0.386671	0.462766	0.385368	0.405872	951,824,000	10,025,200,000
Feb 09, 2018	0.352848	0.394133	0.342911	0.391602	401,271,000	9,148,310,000

BCash BCH
May 08, 2018	1,673.07	1,693.35	1,569.44	1,611.94	1,060,740,000	28,635,500,000
May 07, 2018	1,766.66	1,781.47	1,590.30	1,655.20	1,407,630,000	30,234,100,000
May 06, 2018	1,758.83	1,838.49	1,670.34	1,765.69	1,946,960,000	30,097,000,000
May 05, 2018	1,516.74	1,753.11	1,515.07	1,752.10	1,664,400,000	25,951,400,000
May 04, 2018	1,501.40	1,538.46	1,466.21	1,517.33	960,185,000	25,686,300,000
May 03, 2018	1,459.55	1,536.80	1,454.97	1,511.97	1,282,660,000	24,967,800,000
May 02, 2018	1,353.54	1,480.58	1,326.91	1,458.72	1,165,140,000	23,151,900,000
May 01, 2018	1,348.64	1,351.28	1,261.60	1,351.28	774,633,000	23,065,700,000
Apr 30, 2018	1,440.96	1,440.96	1,339.36	1,350.05	753,114,000	24,642,000,000
Apr 29, 2018	1,393.99	1,477.31	1,378.01	1,440.30	1,049,450,000	23,836,300,000
Apr 28, 2018	1,337.96	1,418.61	1,334.27	1,396.25	808,802,000	22,875,800,000
Apr 27, 2018	1,422.06	1,422.06	1,337.85	1,337.85	905,273,000	24,311,000,000
Apr 26, 2018	1,289.54	1,420.41	1,250.86	1,420.41	1,281,930,000	22,043,200,000
Apr 25, 2018	1,426.71	1,437.18	1,246.61	1,284.79	1,830,970,000	24,385,300,000
Apr 24, 2018	1,434.01	1,560.94	1,414.11	1,426.42	2,053,920,000	24,507,700,000
Apr 23, 2018	1,194.71	1,443.27	1,194.71	1,432.26	1,934,290,000	20,415,700,000
Apr 22, 2018	1,147.48	1,250.51	1,116.27	1,201.22	968,409,000	19,606,600,000
Apr 21, 2018	1,126.86	1,172.28	1,028.03	1,154.69	1,093,510,000	19,252,100,000
Apr 20, 2018	970.15		1,142.50	947.88		1,128.02	1,006,640,000	16,572,900,000
Apr 19, 2018	890.66		983.58		878.45		968.64		658,165,000	15,213,400,000
Apr 18, 2018	758.25		893.57		757.39		888.91		634,653,000	12,950,200,000
Apr 17, 2018	766.70		784.49		755.38		757.59		331,701,000	13,093,100,000
Apr 16, 2018	781.12		797.88		745.73		766.47		382,080,000	13,338,000,000
Apr 15, 2018	741.91		785.35		741.91		780.83		327,336,000	12,667,100,000
Apr 14, 2018	738.72		760.48		723.22		738.99		267,415,000	12,611,200,000
Apr 13, 2018	735.78		781.13		725.40		738.30		384,095,000	12,559,600,000
Apr 12, 2018	666.39		734.48		658.93		734.48		417,017,000	11,374,200,000
Apr 11, 2018	648.90		666.58		648.90		666.58		252,158,000	11,074,400,000
Apr 10, 2018	637.70		657.01		628.86		649.62		225,054,000	10,882,100,000
Apr 09, 2018	656.09		680.60		627.32		637.03		254,947,000	11,194,800,000
Apr 08, 2018	640.89		659.81		640.89		655.26		198,906,000	10,934,300,000
Apr 07, 2018	611.20		652.59		610.41		640.35		231,143,000	10,426,600,000
Apr 06, 2018	641.86		646.08		603.71		610.43		225,186,000	10,948,500,000
Apr 05, 2018	648.63		655.52		620.10		646.04		243,989,000	11,062,800,000
Apr 04, 2018	710.47		711.27		638.01		649.20		282,960,000	12,116,300,000
Apr 03, 2018	664.15		719.77		660.35		712.88		303,771,000	11,325,100,000
Apr 02, 2018	644.46		686.03		641.43		662.77		282,036,000	10,988,300,000
Apr 01, 2018	688.01		699.05		629.93		643.03		318,440,000	11,729,600,000
Mar 31, 2018	697.62		735.82		683.99		685.25		306,972,000	11,892,100,000
Mar 30, 2018	712.41		766.97		677.53		697.01		416,567,000	12,142,900,000
Mar 29, 2018	861.61		867.31		703.18		714.27		452,656,000	14,684,500,000
Mar 28, 2018	876.36		897.63		852.88		860.52		337,268,000	14,934,500,000
Mar 27, 2018	916.99		926.38		876.33		876.33		339,011,000	15,625,100,000
Mar 26, 2018	967.90		975.61		887.00		919.25		347,366,000	16,490,800,000
Mar 25, 2018	973.60		991.07		965.52		966.88		237,008,000	16,586,300,000
Mar 24, 2018	1,028.12	1,030.43	982.30		982.30		264,080,000	17,513,300,000
Mar 23, 2018	1,011.83	1,019.43	966.40		1,019.43	303,600,000	17,233,800,000
Mar 22, 2018	1,033.26	1,064.22	992.56		1,011.52	344,283,000	17,597,100,000
Mar 21, 2018	1,066.03	1,082.35	1,016.37	1,033.45	389,291,000	18,153,200,000
Mar 20, 2018	998.17		1,072.42	958.51		1,059.12	503,262,000	16,996,000,000
Mar 19, 2018	942.60		997.28		915.51		994.68		425,419,000	16,048,000,000
Mar 18, 2018	948.28		948.28		851.61		938.12		435,070,000	16,143,000,000
Mar 17, 2018	974.70		1,028.73	930.44		949.78		411,316,000	16,591,000,000
Mar 16, 2018	943.60		1,053.63	902.78		977.04		472,033,000	16,059,900,000
Mar 15, 2018	949.77		954.41		877.10		943.64		374,741,000	16,163,200,000
Mar 14, 2018	1,071.50	1,073.12	924.41		949.47		406,616,000	18,233,000,000
Mar 13, 2018	1,051.07	1,100.07	999.75		1,064.03	458,028,000	17,883,400,000
Mar 12, 2018	1,143.94	1,152.56	1,022.03	1,051.28	425,558,000	19,461,500,000
Mar 11, 2018	1,002.55	1,157.07	973.36		1,145.17	514,167,000	17,054,300,000
Mar 10, 2018	1,071.15	1,087.30	994.19		1,005.93	370,367,000	18,219,100,000
Mar 09, 2018	1,034.69	1,071.65	937.97		1,067.02	510,887,000	17,597,200,000
Mar 08, 2018	1,094.64	1,113.61	1,006.86	1,040.21	446,519,000	18,614,800,000
Mar 07, 2018	1,205.84	1,218.84	1,043.70	1,092.16	455,225,000	20,503,500,000
Mar 06, 2018	1,264.19	1,264.19	1,179.85	1,206.04	401,782,000	21,493,500,000
Mar 05, 2018	1,287.10	1,291.88	1,268.03	1,268.03	350,078,000	21,880,600,000
Mar 04, 2018	1,267.86	1,289.72	1,225.10	1,289.08	367,584,000	21,551,400,000
Mar 03, 2018	1,274.67	1,302.80	1,257.76	1,270.38	371,664,000	21,664,900,000
Mar 02, 2018	1,284.95	1,303.66	1,255.37	1,275.18	421,498,000	21,837,400,000
Mar 01, 2018	1,204.84	1,303.45	1,195.03	1,291.92	482,240,000	20,473,600,000
Feb 28, 2018	1,243.26	1,275.66	1,204.16	1,204.16	375,301,000	21,124,100,000
Feb 27, 2018	1,255.45	1,297.69	1,231.99	1,246.66	420,912,000	21,329,300,000
Feb 26, 2018	1,177.58	1,274.86	1,149.44	1,250.56	460,182,000	20,004,000,000
Feb 25, 2018	1,191.35	1,210.20	1,143.07	1,178.10	362,665,000	20,235,800,000
Feb 24, 2018	1,266.56	1,309.38	1,149.48	1,193.27	413,263,000	21,511,100,000
Feb 23, 2018	1,217.36	1,319.33	1,161.42	1,270.71	492,542,000	20,673,300,000
Feb 22, 2018	1,304.66	1,350.34	1,194.05	1,219.49	475,079,000	22,153,600,000
Feb 21, 2018	1,412.85	1,423.94	1,293.47	1,308.46	575,354,000	23,988,100,000
Feb 20, 2018	1,543.27	1,569.03	1,414.35	1,418.73	820,947,000	26,199,800,000
Feb 19, 2018	1,483.34	1,553.81	1,483.34	1,534.77	578,906,000	25,179,700,000
Feb 18, 2018	1,552.10	1,641.40	1,428.49	1,487.46	907,873,000	26,344,200,000
Feb 17, 2018	1,548.48	1,568.64	1,517.14	1,551.39	641,719,000	26,280,100,000
Feb 16, 2018	1,373.16	1,558.66	1,369.68	1,552.20	961,010,000	23,302,000,000
Feb 15, 2018	1,358.65	1,400.71	1,330.18	1,375.81	502,454,000	23,053,300,000
Feb 14, 2018	1,229.18	1,384.06	1,229.18	1,362.27	629,852,000	20,854,300,000
Feb 13, 2018	1,285.23	1,289.42	1,205.73	1,231.98	442,663,000	21,803,000,000
Feb 12, 2018	1,222.43	1,302.66	1,222.43	1,283.91	466,213,000	20,735,400,000
Feb 11, 2018	1,255.59	1,306.20	1,197.87	1,217.64	651,555,000	21,295,600,000
Feb 10, 2018	1,311.99	1,394.81	1,215.72	1,257.31	734,606,000	22,249,700,000

eos EOS
May 08, 2018	17.98	18.88	17.90	18.14	1,449,940,000	15,122,600,000
May 07, 2018	17.67	18.40	16.88	17.98	2,000,850,000	14,823,500,000
May 06, 2018	17.74	17.90	16.86	17.47	1,434,830,000	14,847,200,000
May 05, 2018	17.14	18.57	17.14	17.80	1,614,730,000	14,310,400,000
May 04, 2018	17.71	18.06	16.47	17.15	1,749,310,000	14,751,200,000
May 03, 2018	19.27	19.27	17.18	17.77	2,266,540,000	16,009,800,000
May 02, 2018	18.93	19.51	18.42	19.21	2,410,370,000	15,695,000,000
May 01, 2018	17.67	19.08	16.31	18.95	3,330,130,000	14,610,700,000
Apr 30, 2018	21.64	21.64	16.86	17.58	4,073,370,000	17,849,100,000
Apr 29, 2018	18.88	22.89	18.88	21.54	4,870,720,000	15,530,900,000
Apr 28, 2018	16.69	19.51	16.69	18.87	2,728,300,000	13,698,900,000
Apr 27, 2018	15.47	17.95	14.99	16.67	2,486,410,000	12,669,800,000
Apr 26, 2018	14.43	15.49	14.00	15.49	1,566,850,000	11,789,900,000
Apr 25, 2018	15.10	15.54	13.60	14.46	3,005,040,000	12,303,900,000
Apr 24, 2018	11.73	16.00	11.73	15.31	3,223,780,000	9,530,670,000
Apr 23, 2018	11.33	11.79	11.32	11.61	662,116,000	9,186,100,000
Apr 22, 2018	11.07	11.83	10.81	11.35	1,001,900,000	8,955,950,000
Apr 21, 2018	11.58	11.65	10.31	11.11	1,142,260,000	9,340,280,000
Apr 20, 2018	9.51	11.57	9.51	11.45	1,512,340,000	7,652,010,000
Apr 19, 2018	9.02	9.44	8.96	9.44	554,116,000	7,233,090,000
Apr 18, 2018	8.49	9.15	8.49	9.03	518,189,000	6,792,740,000
Apr 17, 2018	8.13	8.99	8.09	8.51	798,768,000	6,492,150,000
Apr 16, 2018	8.39	8.39	7.84	8.10	455,204,000	6,667,990,000
Apr 15, 2018	8.63	8.63	7.72	8.40	861,263,000	6,845,830,000
Apr 14, 2018	8.75	8.93	8.08	8.60	811,487,000	6,916,390,000
Apr 13, 2018	8.71	9.27	8.53	8.74	936,743,000	6,866,660,000
Apr 12, 2018	8.50	9.05	8.00	8.70	1,717,360,000	6,683,280,000
Apr 11, 2018	6.00	8.82	5.99	8.49	1,818,530,000	4,706,770,000
Apr 10, 2018	5.88	6.07	5.80	6.00	225,494,000	4,600,680,000
Apr 09, 2018	5.98	6.07	5.80	5.87	226,565,000	4,666,280,000
Apr 08, 2018	5.90	6.01	5.85	5.97	166,915,000	4,587,800,000
Apr 07, 2018	5.88	6.04	5.85	5.91	220,028,000	4,561,700,000
Apr 06, 2018	6.36	6.41	5.76	5.89	451,441,000	4,918,340,000
Apr 05, 2018	5.72	6.46	5.50	6.40	542,464,000	4,419,560,000
Apr 04, 2018	6.11	6.14	5.61	5.73	260,820,000	4,702,420,000
Apr 03, 2018	5.90	6.19	5.82	6.13	306,369,000	4,529,740,000
Apr 02, 2018	5.68	5.96	5.56	5.89	314,995,000	4,348,740,000
Apr 01, 2018	6.00	6.04	5.25	5.66	401,303,000	4,580,830,000
Mar 31, 2018	6.11	6.22	5.96	5.99	224,213,000	4,650,950,000
Mar 30, 2018	6.03	6.20	5.86	6.10	506,610,000	4,576,620,000
Mar 29, 2018	6.31	6.37	5.92	6.02	626,903,000	4,777,000,000
Mar 28, 2018	5.88	6.55	5.82	6.29	616,042,000	4,442,050,000
Mar 27, 2018	5.90	6.44	5.28	5.91	877,543,000	4,447,060,000
Mar 26, 2018	6.53	6.57	5.42	5.90	553,672,000	4,906,950,000
Mar 25, 2018	6.60	6.76	6.49	6.52	274,460,000	4,947,110,000
Mar 24, 2018	6.99	7.12	6.63	6.63	357,179,000	5,218,490,000
Mar 23, 2018	7.02	7.14	6.42	7.01	846,830,000	5,227,640,000
Mar 22, 2018	7.01	7.34	6.32	7.03	1,062,430,000	5,202,800,000
Mar 21, 2018	6.07	7.24	5.98	7.03	765,790,000	4,492,160,000
Mar 20, 2018	6.17	6.40	5.45	6.01	667,072,000	4,553,120,000
Mar 19, 2018	4.71	6.36	4.57	6.36	660,669,000	3,468,420,000
Mar 18, 2018	4.65	4.68	3.95	4.65	333,501,000	3,417,960,000
Mar 17, 2018	5.09	5.11	4.61	4.67	140,080,000	3,725,280,000
Mar 16, 2018	5.18	5.32	4.95	5.09	184,719,000	3,785,350,000
Mar 15, 2018	5.35	5.38	4.87	5.17	293,299,000	3,899,390,000
Mar 14, 2018	5.87	5.97	5.25	5.34	210,733,000	4,266,070,000
Mar 13, 2018	5.82	5.98	5.66	5.86	199,199,000	4,213,560,000
Mar 12, 2018	6.15	6.23	5.72	5.83	206,551,000	4,441,010,000
Mar 11, 2018	5.79	6.24	5.61	6.14	271,829,000	4,165,570,000
Mar 10, 2018	6.17	6.50	5.80	5.80	309,653,000	4,434,700,000
Mar 09, 2018	6.20	6.24	5.38	6.13	429,201,000	4,444,670,000
Mar 08, 2018	6.51	6.76	6.12	6.20	299,365,000	4,651,410,000
Mar 07, 2018	7.25	7.37	6.17	6.51	423,460,000	5,162,590,000
Mar 06, 2018	8.00	8.00	7.16	7.25	233,026,000	5,682,730,000
Mar 05, 2018	8.18	8.29	8.05	8.05	183,715,000	5,786,710,000
Mar 04, 2018	8.00	8.18	7.79	8.18	195,810,000	5,638,260,000
Mar 03, 2018	8.11	8.30	7.96	8.00	141,850,000	5,702,860,000
Mar 02, 2018	8.68	8.74	8.03	8.09	211,631,000	6,086,740,000
Mar 01, 2018	8.39	8.63	8.30	8.63	214,126,000	5,859,140,000
Feb 28, 2018	8.53	9.22	8.41	8.41	380,053,000	5,940,670,000
Feb 27, 2018	8.17	8.87	8.03	8.57	330,185,000	5,670,740,000
Feb 26, 2018	7.90	8.44	7.63	8.13	251,185,000	5,472,730,000
Feb 25, 2018	8.18	8.19	7.70	7.90	173,549,000	5,646,680,000
Feb 24, 2018	8.57	8.72	7.95	8.19	241,757,000	5,900,520,000
Feb 23, 2018	8.05	8.77	7.92	8.58	284,365,000	5,523,260,000
Feb 22, 2018	8.74	8.91	7.98	8.09	295,638,000	5,965,230,000
Feb 21, 2018	9.27	9.31	8.53	8.76	298,553,000	6,315,770,000
Feb 20, 2018	9.69	10.01	9.26	9.28	305,781,000	6,586,160,000
Feb 19, 2018	9.37	9.79	9.36	9.68	225,362,000	6,355,840,000
Feb 18, 2018	10.16	10.20	9.23	9.38	353,808,000	6,860,990,000
Feb 17, 2018	10.01	10.18	9.93	10.15	276,849,000	6,746,400,000
Feb 16, 2018	10.15	10.24	9.70	10.02	249,798,000	6,817,050,000
Feb 15, 2018	9.94	10.30	9.77	10.17	392,065,000	6,656,240,000
Feb 14, 2018	9.23	10.02	9.17	9.97	480,309,000	6,160,920,000
Feb 13, 2018	9.18	9.27	8.70	9.21	365,436,000	6,113,090,000
Feb 12, 2018	8.45	9.29	8.45	9.18	353,976,000	5,609,460,000
Feb 11, 2018	9.09	9.09	8.17	8.41	408,013,000	6,007,740,000
Feb 10, 2018	9.61	10.30	8.66	9.10	609,066,000	6,334,330,000

Etheruem ETH
May 08, 2018	755.01	774.25	728.13	752.86	2,920,490,000	74,969,200,000
May 07, 2018	793.34	795.76	710.18	753.73	4,316,120,000	78,758,700,000
May 06, 2018	816.09	835.06	764.88	792.31	3,105,570,000	81,000,200,000
May 05, 2018	784.58	827.46	784.24	816.12	3,035,040,000	77,857,000,000
May 04, 2018	776.78	803.75	762.63	785.62	3,533,410,000	77,066,200,000
May 03, 2018	686.59	784.34	686.59	779.54	4,210,940,000	68,104,600,000
May 02, 2018	674.08	688.84	667.42	687.15	2,822,270,000	66,849,100,000
May 01, 2018	670.46	674.40	637.54	673.61	2,678,960,000	66,477,200,000
Apr 30, 2018	689.76	694.44	666.12	669.92	2,853,100,000	68,376,400,000
Apr 29, 2018	683.91	697.76	670.51	688.88	2,740,560,000	67,782,400,000
Apr 28, 2018	644.65	691.44	644.65	683.68	2,496,660,000	63,877,700,000
Apr 27, 2018	662.11	684.87	647.03	647.03	2,598,130,000	65,594,600,000
Apr 26, 2018	618.08	663.18	604.01	662.81	2,984,010,000	61,219,700,000
Apr 25, 2018	707.06	707.06	600.21	615.42	4,216,140,000	70,018,900,000
Apr 24, 2018	643.40	708.88	643.40	708.16	3,581,860,000	63,701,200,000
Apr 23, 2018	621.20	646.70	621.04	642.55	2,386,830,000	61,490,600,000
Apr 22, 2018	606.12	640.77	593.87	621.86	2,426,270,000	59,985,500,000
Apr 21, 2018	616.00	621.89	578.55	605.40	2,612,460,000	60,951,100,000
Apr 20, 2018	567.99	618.72	560.28	615.72	2,849,470,000	56,188,700,000
Apr 19, 2018	524.04	567.89	523.26	567.89	2,256,870,000	51,829,900,000
Apr 18, 2018	503.31	525.09	503.05	524.79	1,762,940,000	49,769,600,000
Apr 17, 2018	511.15	518.03	502.56	502.89	1,760,360,000	50,534,000,000
Apr 16, 2018	532.07	534.20	500.25	511.15	1,758,980,000	52,592,200,000
Apr 15, 2018	502.88	531.70	502.88	531.70	1,726,090,000	49,696,300,000
Apr 14, 2018	492.58	512.02	488.28	501.48	1,519,080,000	48,668,400,000
Apr 13, 2018	493.16	526.47	482.66	492.74	2,419,250,000	48,715,400,000
Apr 12, 2018	430.16	493.06	417.41	492.94	2,519,360,000	42,483,600,000
Apr 11, 2018	415.02	430.54	412.47	430.54	1,439,040,000	40,980,200,000
Apr 10, 2018	399.41	415.89	393.88	414.24	1,196,000,000	39,430,400,000
Apr 09, 2018	400.86	429.25	390.61	398.53	1,478,390,000	39,565,100,000
Apr 08, 2018	385.74	402.59	385.60	400.51	948,488,000	38,065,400,000
Apr 07, 2018	370.38	393.06	369.94	385.31	951,475,000	36,541,900,000
Apr 06, 2018	382.73	385.20	366.91	370.29	967,106,000	37,752,600,000
Apr 05, 2018	379.95	387.72	369.82	383.23	1,210,680,000	37,470,200,000
Apr 04, 2018	416.49	417.47	375.31	380.54	1,287,730,000	41,065,100,000
Apr 03, 2018	387.31	418.97	383.53	416.89	1,363,400,000	38,180,800,000
Apr 02, 2018	379.70	395.17	377.59	386.43	1,102,260,000	37,422,500,000
Apr 01, 2018	397.25	400.53	363.81	379.61	1,256,930,000	39,144,700,000
Mar 31, 2018	395.00	418.47	392.95	396.46	1,323,920,000	38,914,900,000
Mar 30, 2018	385.91	409.93	368.63	394.65	1,878,130,000	38,010,600,000
Mar 29, 2018	448.08	450.81	385.81	385.97	1,970,230,000	44,125,000,000
Mar 28, 2018	450.29	466.21	444.86	446.28	1,514,180,000	44,334,000,000
Mar 27, 2018	489.59	491.46	449.97	450.12	1,617,940,000	48,193,300,000
Mar 26, 2018	524.29	526.38	470.44	489.95	1,638,880,000	51,598,000,000
Mar 25, 2018	522.70	535.82	515.66	524.29	1,151,170,000	51,431,600,000
Mar 24, 2018	542.57	545.38	526.08	526.44	1,300,010,000	53,375,400,000
Mar 23, 2018	539.86	540.49	512.13	539.62	1,596,350,000	53,098,100,000
Mar 22, 2018	562.10	577.57	523.09	539.70	1,523,460,000	55,273,800,000
Mar 21, 2018	559.10	589.61	550.57	561.73	1,781,270,000	54,967,300,000
Mar 20, 2018	556.72	567.09	521.20	557.18	1,833,680,000	54,722,100,000
Mar 19, 2018	546.63	558.10	519.12	556.73	2,046,790,000	53,718,600,000
Mar 18, 2018	551.64	551.64	460.09	538.64	2,685,500,000	54,200,100,000
Mar 17, 2018	601.68	609.15	549.10	552.78	1,267,810,000	59,104,200,000
Mar 16, 2018	611.78	623.17	587.86	601.67	1,417,350,000	60,083,700,000
Mar 15, 2018	614.84	620.62	579.51	611.30	1,770,460,000	60,371,800,000
Mar 14, 2018	691.22	702.78	594.10	614.29	1,810,560,000	67,857,600,000
Mar 13, 2018	698.15	713.74	682.35	690.83	1,425,960,000	68,524,000,000
Mar 12, 2018	724.41	742.51	683.27	699.83	1,765,000,000	71,086,000,000
Mar 11, 2018	685.31	735.83	668.12	723.34	1,562,680,000	67,235,700,000
Mar 10, 2018	730.16	748.03	682.70	686.89	1,532,960,000	71,620,700,000
Mar 09, 2018	702.20	729.16	648.11	728.92	2,233,020,000	68,863,600,000
Mar 08, 2018	752.57	773.77	696.17	704.60	1,891,640,000	73,788,400,000
Mar 07, 2018	816.27	825.61	726.55	752.83	2,175,420,000	80,017,300,000
Mar 06, 2018	853.82	853.82	809.93	816.95	1,943,070,000	83,680,400,000
Mar 05, 2018	866.85	869.92	853.52	853.68	1,898,490,000	84,939,700,000
Mar 04, 2018	856.19	867.95	840.28	866.68	1,697,940,000	83,877,800,000
Mar 03, 2018	856.71	868.45	855.21	857.23	1,699,370,000	83,911,700,000
Mar 02, 2018	871.76	876.38	852.42	856.85	1,894,420,000	85,368,100,000
Mar 01, 2018	856.01	880.30	851.92	872.20	1,868,520,000	83,808,200,000
Feb 28, 2018	877.93	890.11	855.12	855.20	1,963,980,000	85,936,400,000
Feb 27, 2018	870.37	896.26	867.10	878.27	2,053,980,000	85,177,800,000
Feb 26, 2018	845.28	880.39	842.32	869.32	2,044,480,000	82,705,400,000
Feb 25, 2018	839.46	853.15	822.38	844.81	1,646,960,000	82,119,100,000
Feb 24, 2018	861.59	879.53	818.55	840.52	1,926,580,000	84,266,700,000
Feb 23, 2018	811.59	886.32	794.79	864.19	2,334,820,000	79,358,900,000
Feb 22, 2018	849.26	875.93	802.67	812.85	2,150,370,000	83,025,800,000
Feb 21, 2018	894.14	912.38	830.56	849.97	2,531,730,000	87,394,200,000
Feb 20, 2018	943.57	965.27	892.95	895.37	2,545,260,000	92,206,500,000
Feb 19, 2018	921.67	957.78	921.55	943.87	2,169,020,000	90,047,700,000
Feb 18, 2018	973.35	982.93	915.45	923.92	2,567,290,000	95,077,100,000
Feb 17, 2018	944.75	976.60	940.75	974.12	2,525,720,000	92,264,000,000
Feb 16, 2018	934.79	950.01	917.85	944.21	2,369,450,000	91,272,100,000
Feb 15, 2018	923.73	951.95	911.11	936.98	2,900,100,000	90,173,300,000
Feb 14, 2018	844.28	926.43	844.28	923.56	2,818,370,000	82,400,600,000
Feb 13, 2018	869.29	870.71	828.84	845.26	2,081,170,000	84,824,200,000
Feb 12, 2018	817.51	875.94	817.51	868.71	2,243,450,000	79,754,400,000
Feb 11, 2018	859.29	859.29	788.22	814.66	2,486,650,000	83,813,000,000
Feb 10, 2018	882.47	917.40	825.58	860.42	2,930,530,000	86,055,600,000
Feb 09, 2018	818.48	884.00	788.83	883.87	2,495,820,000	79,799,300,000

Litecoin LTC
May 08, 2018	164.83	167.98	158.16	159.62	466,309,000	9,301,440,000
May 07, 2018	171.76	171.92	158.93	164.88	573,281,000	9,689,920,000
May 06, 2018	178.02	182.88	166.18	171.80	626,270,000	10,040,400,000
May 05, 2018	168.35	181.63	168.35	177.76	741,246,000	9,492,240,000
May 04, 2018	160.47	170.38	157.94	168.79	633,055,000	9,045,430,000
May 03, 2018	151.86	164.00	151.01	161.46	617,984,000	8,557,950,000
May 02, 2018	148.45	152.89	146.98	151.58	354,657,000	8,363,530,000
May 01, 2018	148.34	148.55	143.94	148.49	342,152,000	8,355,630,000
Apr 30, 2018	153.65	154.08	147.87	148.48	341,397,000	8,651,810,000
Apr 29, 2018	152.17	155.62	148.90	153.63	388,082,000	8,566,100,000
Apr 28, 2018	145.74	153.33	145.74	152.30	337,117,000	8,202,220,000
Apr 27, 2018	153.44	153.62	145.91	145.91	386,742,000	8,633,470,000
Apr 26, 2018	144.70	153.82	142.64	153.68	412,437,000	8,139,350,000
Apr 25, 2018	165.09	165.09	142.59	144.76	613,467,000	9,284,030,000
Apr 24, 2018	152.58	165.94	152.58	165.78	643,558,000	8,578,020,000
Apr 23, 2018	146.67	152.77	146.67	152.25	376,060,000	8,243,880,000
Apr 22, 2018	148.61	152.23	145.31	146.77	338,735,000	8,350,280,000
Apr 21, 2018	155.69	156.61	142.18	148.93	482,924,000	8,745,560,000
Apr 20, 2018	146.50	155.72	143.84	155.54	491,946,000	8,227,480,000
Apr 19, 2018	140.04	146.87	138.96	146.30	408,736,000	7,862,480,000
Apr 18, 2018	132.38	140.85	132.38	140.00	381,162,000	7,430,170,000
Apr 17, 2018	128.71	139.65	128.71	132.93	532,336,000	7,222,480,000
Apr 16, 2018	131.97	132.63	125.24	128.34	290,855,000	7,403,400,000
Apr 15, 2018	126.67	132.05	126.67	132.05	274,427,000	7,104,120,000
Apr 14, 2018	125.22	129.34	124.77	126.29	258,806,000	7,021,250,000
Apr 13, 2018	129.27	133.04	124.06	125.35	458,040,000	7,246,460,000
Apr 12, 2018	118.29	129.34	113.55	129.34	587,511,000	6,629,030,000
Apr 11, 2018	114.29	119.09	113.33	118.29	230,069,000	6,403,270,000
Apr 10, 2018	115.21	115.40	112.52	114.26	202,879,000	6,453,330,000
Apr 09, 2018	117.78	122.43	113.33	114.99	260,171,000	6,595,640,000
Apr 08, 2018	116.29	118.55	115.95	117.67	194,664,000	6,510,420,000
Apr 07, 2018	113.14	119.38	113.10	116.26	211,470,000	6,332,130,000
Apr 06, 2018	118.82	119.93	112.79	113.16	233,190,000	6,648,250,000
Apr 05, 2018	118.21	121.29	114.47	119.13	294,022,000	6,612,510,000
Apr 04, 2018	133.91	134.61	116.58	118.41	380,351,000	7,488,700,000
Apr 03, 2018	119.51	136.45	118.58	134.47	375,409,000	6,681,650,000
Apr 02, 2018	115.24	121.42	114.72	119.31	271,703,000	6,441,120,000
Apr 01, 2018	116.91	117.83	110.52	115.22	274,182,000	6,532,610,000
Mar 31, 2018	118.64	123.87	116.18	116.61	295,439,000	6,627,590,000
Mar 30, 2018	114.80	124.90	110.26	118.60	468,439,000	6,411,740,000
Mar 29, 2018	131.93	132.61	113.93	114.68	476,804,000	7,365,950,000
Mar 28, 2018	135.49	140.13	131.03	131.75	328,374,000	7,563,030,000
Mar 27, 2018	148.96	149.62	135.78	135.78	385,104,000	8,312,700,000
Mar 26, 2018	160.17	160.99	143.12	149.22	407,135,000	8,935,560,000
Mar 25, 2018	158.86	162.72	157.52	160.08	241,431,000	8,860,500,000
Mar 24, 2018	168.53	168.65	159.63	159.63	290,270,000	9,397,290,000
Mar 23, 2018	163.58	167.83	157.26	167.83	348,056,000	9,118,940,000
Mar 22, 2018	168.72	172.31	161.11	163.67	404,997,000	9,403,220,000
Mar 21, 2018	169.56	175.26	166.62	169.05	462,536,000	9,447,220,000
Mar 20, 2018	161.52	173.30	156.82	168.82	492,892,000	8,997,260,000
Mar 19, 2018	155.48	163.05	151.66	161.14	504,833,000	8,658,190,000
Mar 18, 2018	152.54	156.15	138.02	154.07	595,955,000	8,492,470,000
Mar 17, 2018	165.19	165.22	151.06	152.97	403,809,000	9,194,360,000
Mar 16, 2018	164.82	171.26	158.99	165.45	436,628,000	9,171,160,000
Mar 15, 2018	161.20	167.33	151.48	164.48	564,609,000	8,967,720,000
Mar 14, 2018	175.94	177.55	158.63	161.10	480,653,000	9,785,030,000
Mar 13, 2018	177.60	181.87	172.26	175.78	468,094,000	9,874,530,000
Mar 12, 2018	189.02	193.34	175.88	178.23	567,629,000	10,506,700,000
Mar 11, 2018	177.51	193.48	172.47	188.95	669,378,000	9,864,710,000
Mar 10, 2018	188.11	194.65	176.54	177.73	625,808,000	10,451,000,000
Mar 09, 2018	176.48	189.92	160.43	187.17	943,364,000	9,802,410,000
Mar 08, 2018	185.70	188.15	176.17	176.51	612,509,000	10,311,600,000
Mar 07, 2018	196.83	199.28	175.65	185.84	755,925,000	10,926,500,000
Mar 06, 2018	210.51	210.51	193.16	196.60	661,078,000	11,683,000,000
Mar 05, 2018	213.74	215.98	209.25	211.18	594,829,000	11,858,800,000
Mar 04, 2018	210.24	214.12	205.36	213.80	574,675,000	11,661,400,000
Mar 03, 2018	213.84	217.76	209.54	210.64	681,866,000	11,858,000,000
Mar 02, 2018	209.56	213.13	204.88	212.56	627,142,000	11,617,300,000
Mar 01, 2018	203.12	214.70	201.54	209.75	678,542,000	11,257,600,000
Feb 28, 2018	217.28	223.51	202.71	202.90	761,322,000	12,039,200,000
Feb 27, 2018	221.71	224.21	215.84	216.60	856,454,000	12,281,600,000
Feb 26, 2018	222.14	234.42	218.74	220.96	1,297,080,000	12,302,000,000
Feb 25, 2018	208.13	225.55	202.37	220.48	1,028,590,000	11,523,500,000
Feb 24, 2018	210.64	220.31	197.88	209.42	937,312,000	11,659,200,000
Feb 23, 2018	194.19	216.13	184.07	209.31	1,065,680,000	10,746,100,000
Feb 22, 2018	212.84	222.77	191.81	195.31	974,379,000	11,774,800,000
Feb 21, 2018	230.95	235.41	208.93	213.35	1,195,820,000	12,773,200,000
Feb 20, 2018	223.09	253.90	222.51	232.85	1,739,670,000	12,335,100,000
Feb 19, 2018	215.42	226.97	215.38	223.06	767,597,000	11,907,900,000
Feb 18, 2018	230.51	232.64	214.46	215.74	1,011,120,000	12,738,800,000
Feb 17, 2018	229.50	233.45	225.60	229.47	863,401,000	12,679,700,000
Feb 16, 2018	225.50	236.09	212.33	230.12	1,300,090,000	12,455,300,000
Feb 15, 2018	212.35	237.88	211.17	225.43	2,087,290,000	11,725,700,000
Feb 14, 2018	159.58	218.23	159.58	213.36	2,383,340,000	8,809,590,000
Feb 13, 2018	161.78	162.37	153.51	159.55	483,468,000	8,928,360,000
Feb 12, 2018	150.10	163.35	150.10	161.57	535,710,000	8,282,050,000
Feb 11, 2018	155.39	155.73	142.61	148.99	495,720,000	8,571,530,000
Feb 10, 2018	163.49	169.33	149.14	155.59	576,328,000	9,015,890,000

Ioda MIOTA
May 08, 2018	2.26	2.59	2.25	2.45	333,348,000	6,278,590,000
May 07, 2018	2.31	2.31	2.11	2.26	109,952,000	6,407,330,000
May 06, 2018	2.38	2.51	2.21	2.30	114,890,000	6,614,280,000
May 05, 2018	2.47	2.47	2.31	2.38	101,642,000	6,852,260,000
May 04, 2018	2.58	2.59	2.35	2.47	150,327,000	7,170,930,000
May 03, 2018	2.27	2.68	2.20	2.60	327,371,000	6,312,720,000
May 02, 2018	1.99	2.31	1.94	2.26	166,059,000	5,518,050,000
May 01, 2018	1.96	1.98	1.84	1.98	66,547,100	5,444,860,000
Apr 30, 2018	2.04	2.05	1.94	1.96	61,762,500	5,676,530,000
Apr 29, 2018	2.03	2.12	1.94	2.05	83,230,200	5,649,210,000
Apr 28, 2018	1.89	2.09	1.89	2.04	71,172,500	5,247,860,000
Apr 27, 2018	2.05	2.09	1.89	1.90	68,547,100	5,684,200,000
Apr 26, 2018	1.79	2.05	1.73	2.04	84,783,800	4,988,450,000
Apr 25, 2018	2.14	2.14	1.74	1.80	154,365,000	5,939,790,000
Apr 24, 2018	2.13	2.21	2.12	2.15	97,529,200	5,913,730,000
Apr 23, 2018	2.00	2.18	2.00	2.13	93,462,000	5,564,960,000
Apr 22, 2018	1.92	2.10	1.89	2.01	95,478,200	5,341,490,000
Apr 21, 2018	1.97	1.99	1.80	1.92	80,024,500	5,481,630,000
Apr 20, 2018	1.77	2.00	1.74	1.97	109,930,000	4,924,960,000
Apr 19, 2018	1.69	1.78	1.65	1.77	66,210,300	4,684,180,000
Apr 18, 2018	1.55	1.70	1.55	1.69	58,938,900	4,320,330,000
Apr 17, 2018	1.62	1.66	1.54	1.55	57,495,900	4,499,890,000
Apr 16, 2018	1.66	1.69	1.52	1.62	83,770,400	4,624,260,000
Apr 15, 2018	1.44	1.69	1.44	1.67	135,481,000	3,992,880,000
Apr 14, 2018	1.31	1.45	1.29	1.43	47,173,200	3,647,790,000
Apr 13, 2018	1.33	1.50	1.28	1.32	90,093,700	3,707,450,000
Apr 12, 2018	1.07	1.38	1.04	1.34	81,319,300	2,961,960,000
Apr 11, 2018	1.01	1.07	1.00	1.07	23,924,000	2,801,700,000
Apr 10, 2018	0.99055 1.01	0.96779 1.01	21,163,200	2,753,270,000
Apr 09, 2018	1.02	1.06	0.96725	0.98950 25,263,700	2,842,810,000
Apr 08, 2018	0.98100	1.05	0.98100 1.02	23,121,200	2,726,750,000
Apr 07, 2018	0.93545	1.01	0.93456 0.98471	13,535,500	2,600,120,000
Apr 06, 2018	0.97973	0.99530	0.92920	0.93536	13,385,200	2,723,200,000
Apr 05, 2018	0.99024	0.99094	0.94114	0.98295	19,414,000	2,752,430,000
Apr 04, 2018	1.11	1.11	0.97096	0.99015	20,877,700	3,079,660,000
Apr 03, 2018	1.03	1.12	1.03	1.11	30,602,800	2,872,410,000
Apr 02, 2018	0.99517 1.06	0.99085	1.03	26,124,500	2,766,120,000
Apr 01, 2018	1.08	1.10	0.95661	0.99479	35,953,200	3,004,660,000
Mar 31, 2018	1.11	1.16	1.07	1.08	28,350,300	3,088,360,000
Mar 30, 2018	1.09	1.14	1.05	1.11	37,597,100	3,034,950,000
Mar 29, 2018	1.19	1.19	1.07	1.09	38,707,000	3,315,390,000
Mar 28, 2018	1.17	1.24	1.16	1.19	24,150,200	3,258,650,000
Mar 27, 2018	1.23	1.24	1.16	1.17	29,726,700	3,431,480,000
Mar 26, 2018	1.32	1.33	1.18	1.24	32,849,900	3,675,430,000
Mar 25, 2018	1.31	1.35	1.28	1.32	26,291,200	3,654,020,000
Mar 24, 2018	1.35	1.41	1.33	1.33	29,655,100	3,762,660,000
Mar 23, 2018	1.33	1.34	1.25	1.34	30,507,500	3,684,080,000
Mar 22, 2018	1.37	1.41	1.27	1.33	35,665,500	3,807,750,000
Mar 21, 2018	1.45	1.49	1.34	1.37	57,554,800	4,037,020,000
Mar 20, 2018	1.33	1.52	1.30	1.44	67,039,500	3,697,640,000
Mar 19, 2018	1.24	1.34	1.19	1.33	55,966,600	3,437,690,000
Mar 18, 2018	1.14	1.29	1.06	1.23	111,700,000	3,168,980,000
Mar 17, 2018	1.10	1.15	1.07	1.14	38,853,100	3,066,750,000
Mar 16, 2018	1.10	1.15	1.03	1.10	29,977,700	3,061,520,000
Mar 15, 2018	1.12	1.14	1.04	1.09	43,235,400	3,119,630,000
Mar 14, 2018	1.31	1.37	1.11	1.12	45,727,000	3,640,500,000
Mar 13, 2018	1.34	1.35	1.29	1.31	22,675,600	3,712,760,000
Mar 12, 2018	1.39	1.42	1.28	1.34	27,739,400	3,863,920,000
Mar 11, 2018	1.31	1.43	1.28	1.39	31,315,700	3,629,610,000
Mar 10, 2018	1.40	1.47	1.29	1.31	31,847,500	3,892,330,000
Mar 09, 2018	1.40	1.41	1.20	1.39	58,591,300	3,881,080,000
Mar 08, 2018	1.53	1.55	1.39	1.40	35,024,800	4,256,700,000
Mar 07, 2018	1.70	1.71	1.38	1.53	68,445,500	4,721,900,000
Mar 06, 2018	1.87	1.89	1.66	1.70	61,796,200	5,201,320,000
Mar 05, 2018	1.90	1.90	1.86	1.88	24,413,600	5,272,230,000
Mar 04, 2018	1.86	1.91	1.81	1.89	28,452,300	5,179,190,000
Mar 03, 2018	1.91	1.96	1.85	1.86	25,861,200	5,305,170,000
Mar 02, 2018	1.98	2.01	1.86	1.92	27,602,600	5,507,790,000
Mar 01, 2018	1.85	2.01	1.84	1.97	41,523,600	5,152,710,000
Feb 28, 2018	1.97	2.02	1.85	1.86	39,190,300	5,478,340,000
Feb 27, 2018	1.88	2.08	1.82	1.97	63,311,700	5,217,570,000
Feb 26, 2018	1.82	1.90	1.77	1.87	43,478,500	5,049,480,000
Feb 25, 2018	1.77	1.98	1.75	1.82	103,799,000	4,916,700,000
Feb 24, 2018	1.75	1.80	1.65	1.78	41,594,100	4,867,920,000
Feb 23, 2018	1.61	1.81	1.58	1.75	39,323,100	4,480,180,000
Feb 22, 2018	1.75	1.86	1.58	1.62	53,125,800	4,865,110,000
Feb 21, 2018	1.90	1.96	1.74	1.76	50,765,900	5,270,980,000
Feb 20, 2018	2.09	2.12	1.88	1.91	49,930,400	5,800,510,000
Feb 19, 2018	1.99	2.14	1.99	2.09	32,581,400	5,521,610,000
Feb 18, 2018	2.20	2.21	1.98	1.98	43,653,800	6,121,620,000
Feb 17, 2018	2.10	2.21	2.08	2.20	42,149,700	5,842,140,000
Feb 16, 2018	2.12	2.18	2.00	2.10	44,770,200	5,894,520,000
Feb 15, 2018	2.03	2.17	2.00	2.13	65,315,300	5,635,360,000
Feb 14, 2018	1.82	2.03	1.79	2.03	53,007,600	5,052,450,000
Feb 13, 2018	1.87	1.87	1.75	1.81	30,056,900	5,211,600,000
Feb 12, 2018	1.71	1.91	1.71	1.87	36,974,300	4,763,780,000
Feb 11, 2018	1.86	1.86	1.62	1.70	45,356,200	5,165,180,000
Feb 10, 2018	1.96	2.13	1.79	1.86	68,051,900	5,437,920,000

Tron TRX
May 08, 2018	0.083405	0.086035	0.080760	0.083071	372,063,000	5,483,690,000
May 07, 2018	0.084966	0.084966	0.079717	0.083086	412,406,000	5,586,330,000
May 06, 2018	0.087098	0.087098	0.081907	0.084778	388,707,000	5,726,530,000
May 05, 2018	0.086212	0.090875	0.086187	0.087102	476,743,000	5,668,280,000
May 04, 2018	0.087085	0.088867	0.081083	0.086811	727,056,000	5,725,660,000
May 03, 2018	0.091322	0.091438	0.084533	0.087340	789,151,000	6,004,230,000
May 02, 2018	0.092764	0.093038	0.090174	0.091397	401,506,000	6,099,080,000
May 01, 2018	0.093745	0.094279	0.086773	0.093360	1,043,370,000	6,163,570,000
Apr 30, 2018	0.089656	0.101197	0.086102	0.093777	1,749,640,000	5,894,710,000
Apr 29, 2018	0.081696	0.090331	0.080684	0.089145	1,161,460,000	5,371,350,000
Apr 28, 2018	0.073807	0.084223	0.073807	0.081662	718,298,000	4,852,670,000
Apr 27, 2018	0.074894	0.079154	0.071840	0.074037	717,530,000	4,924,150,000
Apr 26, 2018	0.069983	0.074566	0.066750	0.074566	759,337,000	4,601,250,000
Apr 25, 2018	0.071681	0.081392	0.066467	0.070015	2,124,440,000	4,712,910,000
Apr 24, 2018	0.058349	0.077469	0.057221	0.073360	1,561,020,000	3,836,350,000
Apr 23, 2018	0.052430	0.058546	0.052384	0.058546	472,464,000	3,447,180,000
Apr 22, 2018	0.053407	0.054510	0.051837	0.052420	319,432,000	3,511,380,000
Apr 21, 2018	0.053659	0.056619	0.049721	0.053677	715,849,000	3,528,000,000
Apr 20, 2018	0.049134	0.053673	0.048199	0.053673	477,675,000	3,230,470,000
Apr 19, 2018	0.047430	0.051807	0.046910	0.049392	587,154,000	3,118,400,000
Apr 18, 2018	0.042006	0.047521	0.041996	0.047521	475,426,000	2,761,820,000
Apr 17, 2018	0.041275	0.043400	0.040700	0.042116	359,111,000	2,713,770,000
Apr 16, 2018	0.042898	0.043903	0.040221	0.041256	296,338,000	2,820,460,000
Apr 15, 2018	0.040062	0.043279	0.040013	0.042971	306,262,000	2,634,010,000
Apr 14, 2018	0.038685	0.041515	0.038567	0.040011	307,575,000	2,543,450,000
Apr 13, 2018	0.039415	0.043226	0.038224	0.039006	484,566,000	2,591,430,000
Apr 12, 2018	0.036143	0.039870	0.035239	0.039564	415,957,000	2,376,310,000
Apr 11, 2018	0.036851	0.037493	0.036001	0.036271	301,439,000	2,422,880,000
Apr 10, 2018	0.035792	0.037169	0.035008	0.036928	303,562,000	2,353,230,000
Apr 09, 2018	0.037645	0.037986	0.034338	0.035756	295,115,000	2,475,120,000
Apr 08, 2018	0.036978	0.038684	0.036735	0.037632	215,713,000	2,431,200,000
Apr 07, 2018	0.036879	0.038150	0.036262	0.037064	245,334,000	2,424,740,000
Apr 06, 2018	0.039294	0.044105	0.035852	0.036918	661,967,000	2,583,490,000
Apr 05, 2018	0.030096	0.050131	0.029025	0.040014	1,488,740,000	1,978,730,000
Apr 04, 2018	0.034684	0.035158	0.029716	0.030136	157,469,000	2,280,400,000
Apr 03, 2018	0.035691	0.035827	0.033471	0.034801	240,608,000	2,346,600,000
Apr 02, 2018	0.032271	0.035755	0.031021	0.035755	241,103,000	2,121,750,000
Apr 01, 2018	0.033955	0.034842	0.028607	0.032152	219,373,000	2,232,460,000
Mar 31, 2018	0.041283	0.042971	0.033591	0.033972	358,492,000	2,714,260,000
Mar 30, 2018	0.042631	0.045609	0.039127	0.041277	349,433,000	2,802,890,000
Mar 29, 2018	0.048966	0.050610	0.043002	0.043002	483,101,000	3,219,420,000
Mar 28, 2018	0.042855	0.049505	0.042600	0.048817	280,836,000	2,817,610,000
Mar 27, 2018	0.044373	0.046132	0.040471	0.043075	274,910,000	2,917,470,000
Mar 26, 2018	0.045341	0.046448	0.039460	0.044378	327,374,000	2,981,060,000
Mar 25, 2018	0.049418	0.049612	0.044861	0.045311	320,430,000	3,249,150,000
Mar 24, 2018	0.041717	0.052989	0.041091	0.049780	706,931,000	2,742,830,000
Mar 23, 2018	0.037853	0.041137	0.035080	0.041137	230,134,000	2,488,770,000
Mar 22, 2018	0.037159	0.039077	0.034523	0.037924	227,472,000	2,443,140,000
Mar 21, 2018	0.038085	0.040039	0.036349	0.037107	232,926,000	2,504,020,000
Mar 20, 2018	0.032728	0.040354	0.031429	0.038113	250,397,000	2,151,820,000
Mar 19, 2018	0.028970	0.032995	0.028221	0.032364	183,591,000	1,904,740,000
Mar 18, 2018	0.028286	0.029387	0.023117	0.028621	127,381,000	1,859,720,000
Mar 17, 2018	0.030164	0.030309	0.028002	0.028358	116,472,000	1,983,220,000
Mar 16, 2018	0.030049	0.031245	0.028954	0.030119	149,356,000	1,975,650,000
Mar 15, 2018	0.031047	0.031190	0.028357	0.030119	169,547,000	2,041,290,000
Mar 14, 2018	0.035701	0.036323	0.030237	0.031057	197,406,000	2,347,250,000
Mar 13, 2018	0.035968	0.037122	0.034525	0.035726	200,526,000	2,364,860,000
Mar 12, 2018	0.038561	0.039508	0.034644	0.036132	228,565,000	2,535,330,000
Mar 11, 2018	0.034751	0.039321	0.033492	0.038716	266,342,000	2,284,820,000
Mar 10, 2018	0.036941	0.038182	0.034484	0.034928	253,447,000	2,428,790,000
Mar 09, 2018	0.036363	0.037402	0.030829	0.036981	295,229,000	2,390,830,000
Mar 08, 2018	0.038488	0.039594	0.035278	0.036425	236,262,000	2,530,480,000
Mar 07, 2018	0.043944	0.044899	0.034816	0.038601	290,194,000	2,889,260,000
Mar 06, 2018	0.046744	0.047626	0.043567	0.043958	262,251,000	3,073,300,000
Mar 05, 2018	0.047755	0.047905	0.046390	0.046776	284,714,000	3,139,800,000
Mar 04, 2018	0.048789	0.049675	0.047162	0.047801	314,649,000	3,207,790,000
Mar 03, 2018	0.052525	0.052737	0.047751	0.048918	399,205,000	3,453,410,000
Mar 02, 2018	0.048700	0.056474	0.047595	0.052947	824,566,000	3,201,930,000
Mar 01, 2018	0.043514	0.049225	0.042367	0.048847	318,231,000	2,860,960,000
Feb 28, 2018	0.042736	0.046405	0.040685	0.043351	298,758,000	2,809,830,000
Feb 27, 2018	0.041792	0.043099	0.041187	0.042731	219,795,000	2,747,730,000
Feb 26, 2018	0.039899	0.042894	0.039000	0.041769	189,976,000	2,623,310,000
Feb 25, 2018	0.040821	0.041603	0.039108	0.039883	182,260,000	2,683,920,000
Feb 24, 2018	0.042856	0.045608	0.039374	0.040929	194,793,000	2,817,710,000
Feb 23, 2018	0.040275	0.043552	0.039139	0.042875	159,881,000	2,647,990,000
Feb 22, 2018	0.044461	0.046146	0.039591	0.040674	162,733,000	2,923,230,000
Feb 21, 2018	0.046909	0.048235	0.042935	0.044580	179,053,000	3,084,190,000
Feb 20, 2018	0.051537	0.052074	0.046560	0.046861	198,213,000	3,388,440,000
Feb 19, 2018	0.049555	0.052700	0.049364	0.051542	178,481,000	3,258,170,000
Feb 18, 2018	0.054935	0.055311	0.048708	0.049606	195,043,000	3,611,850,000
Feb 17, 2018	0.052155	0.054914	0.050969	0.054914	231,988,000	3,429,070,000
Feb 16, 2018	0.046489	0.053082	0.046379	0.052449	310,513,000	3,056,550,000
Feb 15, 2018	0.045922	0.048457	0.045087	0.046496	178,913,000	3,019,310,000
Feb 14, 2018	0.043295	0.046749	0.043022	0.045936	186,660,000	2,846,580,000
Feb 13, 2018	0.046103	0.046483	0.042499	0.043356	178,961,000	3,031,200,000
Feb 12, 2018	0.042603	0.047493	0.042603	0.046116	219,120,000	2,801,090,000
Feb 11, 2018	0.048564	0.048564	0.040066	0.042401	273,583,000	3,192,980,000
Feb 10, 2018	0.047424	0.055941	0.044781	0.048699	470,409,000	3,118,050,000

Stellar XLM
May 08, 2018	0.396568	0.411193	0.379952	0.386371	50,210,900	7,365,120,000
May 07, 2018	0.413665	0.414859	0.381616	0.395702	48,023,200	7,682,610,000
May 06, 2018	0.430338	0.432132	0.408050	0.412944	43,793,500	7,992,240,000
May 05, 2018	0.431216	0.435669	0.428005	0.430875	44,096,200	8,008,540,000
May 04, 2018	0.438234	0.439682	0.425356	0.431140	51,379,800	8,138,850,000
May 03, 2018	0.439016	0.442878	0.429411	0.437379	83,481,300	8,153,360,000
May 02, 2018	0.439037	0.446807	0.434455	0.439227	68,610,900	8,153,700,000
May 01, 2018	0.425853	0.451238	0.397226	0.439733	152,906,000	7,908,680,000
Apr 30, 2018	0.458688	0.460128	0.417446	0.424659	81,453,300	8,518,430,000
Apr 29, 2018	0.429945	0.461518	0.424669	0.458405	156,689,000	7,984,600,000
Apr 28, 2018	0.390447	0.435816	0.390447	0.428918	105,747,000	7,251,030,000
Apr 27, 2018	0.386439	0.425157	0.383910	0.391085	177,677,000	7,176,440,000
Apr 26, 2018	0.341455	0.388597	0.331014	0.387556	152,903,000	6,340,980,000
Apr 25, 2018	0.397897	0.398400	0.329635	0.339517	130,724,000	7,389,130,000
Apr 24, 2018	0.372631	0.407527	0.370864	0.400670	120,285,000	6,919,630,000
Apr 23, 2018	0.367921	0.375050	0.367044	0.372128	57,282,000	6,832,160,000
Apr 22, 2018	0.375207	0.383253	0.365541	0.368139	64,261,400	6,967,460,000
Apr 21, 2018	0.391513	0.398127	0.348400	0.375663	119,787,000	7,270,260,000
Apr 20, 2018	0.366551	0.398048	0.356500	0.391165	170,282,000	6,806,570,000
Apr 19, 2018	0.354726	0.377249	0.349030	0.366120	171,820,000	6,586,850,000
Apr 18, 2018	0.300338	0.353661	0.300338	0.351544	158,385,000	5,576,720,000
Apr 17, 2018	0.284747	0.317498	0.279779	0.300202	112,255,000	5,284,830,000
Apr 16, 2018	0.290237	0.301667	0.272608	0.284156	90,408,600	5,386,700,000
Apr 15, 2018	0.250979	0.296395	0.250979	0.290722	129,731,000	4,658,090,000
Apr 14, 2018	0.245338	0.259121	0.242600	0.250668	44,754,800	4,553,400,000
Apr 13, 2018	0.241112	0.267080	0.232920	0.246290	112,587,000	4,474,920,000
Apr 12, 2018	0.211258	0.242264	0.206995	0.242120	103,292,000	3,919,100,000
Apr 11, 2018	0.199526	0.212465	0.198926	0.212337	40,041,100	3,701,460,000
Apr 10, 2018	0.197444	0.201289	0.196407	0.199344	26,841,200	3,662,770,000
Apr 09, 2018	0.206718	0.213455	0.192837	0.197333	36,684,300	3,834,820,000
Apr 08, 2018	0.201817	0.207877	0.201279	0.206377	18,973,800	3,743,890,000
Apr 07, 2018	0.193547	0.205750	0.192891	0.201859	27,242,100	3,590,470,000
Apr 06, 2018	0.197781	0.199645	0.189090	0.193317	30,056,300	3,669,020,000
Apr 05, 2018	0.207124	0.209153	0.191903	0.197940	46,694,000	3,842,330,000
Apr 04, 2018	0.233729	0.236577	0.202380	0.204108	58,482,100	4,335,890,000
Apr 03, 2018	0.225992	0.239845	0.225069	0.235691	76,510,100	4,192,290,000
Apr 02, 2018	0.207131	0.233383	0.204698	0.224878	70,195,700	3,842,400,000
Apr 01, 2018	0.207723	0.213390	0.190688	0.206582	43,075,500	3,853,390,000
Mar 31, 2018	0.189039	0.220780	0.189039	0.206778	82,895,900	3,506,780,000
Mar 30, 2018	0.190582	0.199357	0.174934	0.188733	37,767,000	3,535,400,000
Mar 29, 2018	0.219226	0.221460	0.187853	0.190819	44,352,600	4,066,780,000
Mar 28, 2018	0.215889	0.225843	0.215086	0.219251	21,717,600	4,004,870,000
Mar 27, 2018	0.228565	0.229138	0.205230	0.216033	37,693,300	4,239,960,000
Mar 26, 2018	0.239258	0.246144	0.217238	0.228861	44,406,300	4,437,990,000
Mar 25, 2018	0.233062	0.242739	0.230378	0.239952	31,527,600	4,323,060,000
Mar 24, 2018	0.237745	0.245778	0.234044	0.235422	37,806,800	4,409,910,000
Mar 23, 2018	0.242993	0.242993	0.224581	0.236147	49,937,100	4,507,260,000
Mar 22, 2018	0.255170	0.259328	0.228713	0.243212	53,777,200	4,733,130,000
Mar 21, 2018	0.270670	0.271789	0.249781	0.254636	93,970,500	5,020,630,000
Mar 20, 2018	0.249992	0.282082	0.235574	0.267968	88,101,600	4,624,530,000
Mar 19, 2018	0.222368	0.250226	0.212955	0.250226	93,820,800	4,113,520,000
Mar 18, 2018	0.206409	0.222828	0.158913	0.220473	91,400,500	3,818,300,000
Mar 17, 2018	0.230277	0.234321	0.200989	0.206731	33,001,800	4,259,820,000
Mar 16, 2018	0.240988	0.241545	0.227545	0.229991	23,756,700	4,457,950,000
Mar 15, 2018	0.248854	0.250575	0.217064	0.240655	54,358,800	4,603,470,000
Mar 14, 2018	0.291850	0.297763	0.240711	0.248689	49,138,300	5,398,850,000
Mar 13, 2018	0.290151	0.301183	0.282290	0.290193	24,814,700	5,367,350,000
Mar 12, 2018	0.304301	0.312193	0.286332	0.291765	29,443,200	5,629,090,000
Mar 11, 2018	0.291868	0.306688	0.280042	0.304217	26,023,900	5,399,090,000
Mar 10, 2018	0.315618	0.320392	0.290070	0.292661	21,963,200	5,838,430,000
Mar 09, 2018	0.311237	0.315440	0.267454	0.311859	56,838,800	5,757,390,000
Mar 08, 2018	0.329847	0.341127	0.306218	0.311938	47,233,100	6,091,740,000
Mar 07, 2018	0.337814	0.349137	0.300388	0.329103	62,389,100	6,238,880,000
Mar 06, 2018	0.351753	0.366554	0.335254	0.337911	44,141,000	6,496,220,000
Mar 05, 2018	0.363777	0.398224	0.352031	0.352031	98,523,700	6,718,270,000
Mar 04, 2018	0.354031	0.363792	0.342398	0.361930	99,892,700	6,538,290,000
Mar 03, 2018	0.319021	0.350168	0.313368	0.350168	52,827,100	5,891,720,000
Mar 02, 2018	0.338691	0.340805	0.318850	0.320107	38,378,100	6,254,990,000
Mar 01, 2018	0.334118	0.347566	0.321558	0.339314	46,631,800	6,170,520,000
Feb 28, 2018	0.360410	0.364738	0.333916	0.333916	38,961,000	6,656,080,000
Feb 27, 2018	0.364632	0.372450	0.354834	0.362051	38,136,100	6,733,960,000
Feb 26, 2018	0.358687	0.371765	0.346502	0.364579	42,535,600	6,624,170,000
Feb 25, 2018	0.354549	0.366940	0.336719	0.357302	42,268,800	6,547,760,000
Feb 24, 2018	0.382687	0.386899	0.346156	0.355163	34,738,100	7,067,390,000
Feb 23, 2018	0.364134	0.390408	0.352623	0.381985	56,829,000	6,724,760,000
Feb 22, 2018	0.393891	0.408898	0.358483	0.366447	69,561,100	7,274,300,000
Feb 21, 2018	0.399718	0.433562	0.379845	0.396765	132,189,000	7,381,920,000
Feb 20, 2018	0.452845	0.455373	0.399315	0.402289	104,842,000	8,362,940,000
Feb 19, 2018	0.450437	0.461753	0.448995	0.452932	57,015,400	8,318,460,000
Feb 18, 2018	0.479855	0.486165	0.441988	0.450399	74,452,000	8,847,360,000
Feb 17, 2018	0.455103	0.483244	0.451585	0.479075	104,733,000	8,390,980,000
Feb 16, 2018	0.451796	0.458327	0.441777	0.455446	53,289,200	8,330,000,000
Feb 15, 2018	0.452048	0.463623	0.444260	0.453556	106,142,000	8,334,660,000
Feb 14, 2018	0.409872	0.457474	0.402079	0.453888	192,629,000	7,554,980,000
Feb 13, 2018	0.396419	0.435547	0.374388	0.410614	196,175,000	7,306,910,000
Feb 12, 2018	0.374181	0.401820	0.374181	0.395649	61,140,000	6,897,000,000
Feb 11, 2018	0.406615	0.406615	0.357825	0.370005	85,791,700	7,494,820,000
Feb 10, 2018	0.398440	0.453920	0.384953	0.406856	227,551,000	7,344,120,000

Ripple XRP
May 08, 2018	0.833086	0.846992	0.803568	0.813970	465,041,000	32,638,900,000
May 07, 2018	0.871214	0.871236	0.812933	0.832641	602,535,000	34,132,600,000
May 06, 2018	0.904235	0.918675	0.855972	0.871424	640,057,000	35,426,400,000
May 05, 2018	0.895562	0.922354	0.895562	0.905103	668,800,000	35,086,600,000
May 04, 2018	0.881536	0.927695	0.866922	0.895442	1,007,610,000	34,537,000,000
May 03, 2018	0.858980	0.892916	0.847319	0.884466	725,229,000	33,632,400,000
May 02, 2018	0.839355	0.864280	0.831713	0.859094	544,426,000	32,864,000,000
May 01, 2018	0.838355	0.842069	0.797826	0.841407	630,809,000	32,818,400,000
Apr 30, 2018	0.871404	0.876788	0.831208	0.837938	575,364,000	34,112,200,000
Apr 29, 2018	0.864399	0.904945	0.834480	0.872778	896,314,000	33,837,900,000
Apr 28, 2018	0.812063	0.887591	0.812063	0.863804	788,719,000	31,789,200,000
Apr 27, 2018	0.851139	0.859641	0.813885	0.813885	673,793,000	33,318,900,000
Apr 26, 2018	0.801774	0.852414	0.771787	0.852414	1,028,590,000	31,386,400,000
Apr 25, 2018	0.932771	0.932771	0.779231	0.800607	1,614,050,000	36,514,500,000
Apr 24, 2018	0.876012	0.965610	0.873566	0.934781	1,572,930,000	34,292,500,000
Apr 23, 2018	0.866578	0.886290	0.863304	0.876657	674,545,000	33,903,000,000
Apr 22, 2018	0.866820	0.911901	0.848091	0.869995	946,399,000	33,912,400,000
Apr 21, 2018	0.925021	0.925021	0.821113	0.873103	1,563,970,000	36,189,400,000
Apr 20, 2018	0.791172	0.938354	0.791172	0.924465	2,344,070,000	30,952,900,000
Apr 19, 2018	0.712059	0.791976	0.706841	0.791976	878,328,000	27,857,700,000
Apr 18, 2018	0.657052	0.721426	0.657052	0.708932	624,049,000	25,705,700,000
Apr 17, 2018	0.664890	0.677356	0.654346	0.656933	442,353,000	26,012,300,000
Apr 16, 2018	0.682296	0.687165	0.638610	0.663297	531,996,000	26,693,300,000
Apr 15, 2018	0.634883	0.682534	0.634143	0.682534	609,637,000	24,838,400,000
Apr 14, 2018	0.637380	0.661508	0.616307	0.632184	626,268,000	24,936,100,000
Apr 13, 2018	0.630093	0.693112	0.605816	0.638087	1,245,170,000	24,651,000,000
Apr 12, 2018	0.538657	0.644518	0.506543	0.628737	1,346,740,000	21,058,600,000
Apr 11, 2018	0.492568	0.548455	0.489026	0.539506	341,707,000	19,256,700,000
Apr 10, 2018	0.492134	0.493645	0.482839	0.491931	154,495,000	19,239,800,000
Apr 09, 2018	0.501201	0.512142	0.482573	0.491855	271,775,000	19,594,200,000
Apr 08, 2018	0.488227	0.501418	0.487591	0.500398	137,548,000	19,087,000,000
Apr 07, 2018	0.476851	0.495667	0.474575	0.487867	209,076,000	18,642,300,000
Apr 06, 2018	0.494781	0.498090	0.465615	0.476431	218,156,000	19,343,200,000
Apr 05, 2018	0.501950	0.505882	0.484490	0.495801	358,755,000	19,623,500,000
Apr 04, 2018	0.554569	0.563117	0.498487	0.501631	415,258,000	21,680,600,000
Apr 03, 2018	0.501533	0.562698	0.499658	0.558044	578,239,000	19,607,200,000
Apr 02, 2018	0.486067	0.510446	0.478596	0.500688	262,342,000	19,002,500,000
Apr 01, 2018	0.513854	0.515437	0.466223	0.485081	297,869,000	20,088,900,000
Mar 31, 2018	0.510617	0.529406	0.505167	0.512353	293,208,000	19,962,300,000
Mar 30, 2018	0.513268	0.531276	0.484362	0.509565	518,219,000	20,065,800,000
Mar 29, 2018	0.577767	0.578640	0.511511	0.511511	420,550,000	22,587,400,000
Mar 28, 2018	0.577511	0.594023	0.572828	0.578002	258,298,000	22,577,300,000
Mar 27, 2018	0.599026	0.604332	0.565132	0.577917	351,381,000	23,418,400,000
Mar 26, 2018	0.642683	0.644121	0.585922	0.599463	384,505,000	25,125,200,000
Mar 25, 2018	0.638632	0.657213	0.631901	0.641875	229,352,000	24,966,800,000
Mar 24, 2018	0.646214	0.679608	0.640516	0.641265	390,740,000	25,263,200,000
Mar 23, 2018	0.663111	0.663111	0.625258	0.643174	387,164,000	25,923,800,000
Mar 22, 2018	0.693145	0.701351	0.636741	0.662743	449,042,000	27,097,900,000
Mar 21, 2018	0.713055	0.720610	0.679162	0.693664	527,324,000	27,876,200,000
Mar 20, 2018	0.736759	0.736759	0.673427	0.709808	814,276,000	28,802,900,000
Mar 19, 2018	0.672126	0.749080	0.640012	0.749080	1,096,930,000	26,274,600,000
Mar 18, 2018	0.634466	0.677591	0.548815	0.658777	923,606,000	24,802,400,000
Mar 17, 2018	0.687745	0.689434	0.626709	0.637856	319,824,000	26,885,100,000
Mar 16, 2018	0.699063	0.711780	0.674463	0.689260	502,740,000	27,327,600,000
Mar 15, 2018	0.702913	0.730673	0.643845	0.697269	888,345,000	27,478,100,000
Mar 14, 2018	0.789569	0.799080	0.676010	0.701902	479,149,000	30,865,600,000
Mar 13, 2018	0.798451	0.805729	0.778471	0.789711	279,679,000	31,213,000,000
Mar 12, 2018	0.832127	0.838328	0.787882	0.801048	355,031,000	32,529,500,000
Mar 11, 2018	0.795765	0.840407	0.775737	0.831122	472,972,000	31,108,000,000
Mar 10, 2018	0.854872	0.860443	0.793736	0.796627	402,670,000	33,418,600,000
Mar 09, 2018	0.826122	0.856182	0.751485	0.849761	989,203,000	32,294,700,000
Mar 08, 2018	0.872508	0.888562	0.825387	0.825857	499,496,000	34,108,000,000
Mar 07, 2018	0.924378	0.930659	0.824895	0.871210	809,598,000	36,135,700,000
Mar 06, 2018	0.954448	0.991306	0.916863	0.922887	875,180,000	37,311,200,000
Mar 05, 2018	1.01		1.08		0.956116	0.959368	1,706,820,000	39,650,700,000
Mar 04, 2018	0.906008	1.03		0.895618	1.01		797,226,000	35,417,600,000
Mar 03, 2018	0.908786	0.926512	0.903604	0.907804	280,853,000	35,526,200,000
Mar 02, 2018	0.926638	0.933912	0.902286	0.910144	271,036,000	36,226,700,000
Mar 01, 2018	0.904131	0.953796	0.890630	0.928347	475,257,000	35,346,800,000
Feb 28, 2018	0.944697	0.955550	0.903787	0.904583	329,530,000	36,932,700,000
Feb 27, 2018	0.959302	0.972580	0.944977	0.947305	312,713,000	37,503,700,000
Feb 26, 2018	0.943704	0.970906	0.913403	0.956859	458,613,000	36,893,900,000
Feb 25, 2018	0.951977	0.967597	0.915279	0.943487	360,271,000	37,217,300,000
Feb 24, 2018	0.997659	1.01		0.929456	0.954402	489,920,000	39,003,300,000
Feb 23, 2018	0.934176	1.03		0.898286	0.998855	896,404,000	36,441,500,000
Feb 22, 2018	1.01		1.05		0.922458	0.941788	889,707,000	39,487,400,000
Feb 21, 2018	1.08		1.10		0.998881	1.02		871,526,000	42,207,600,000
Feb 20, 2018	1.14		1.17		1.08		1.09		806,673,000	44,648,100,000
Feb 19, 2018	1.12		1.17		1.12		1.14		556,304,000	43,813,300,000
Feb 18, 2018	1.20		1.21		1.09		1.12		1,113,650,000	46,997,500,000
Feb 17, 2018	1.14		1.22		1.13		1.20		1,186,730,000	44,370,200,000
Feb 16, 2018	1.14		1.15		1.11		1.14		568,339,000	44,663,300,000
Feb 15, 2018	1.14		1.16		1.11		1.15		1,188,530,000	44,433,600,000
Feb 14, 2018	1.03		1.17		1.02		1.14		1,457,600,000	40,026,500,000
Feb 13, 2018	1.08		1.08		1.01		1.03		921,100,000	42,119,800,000
Feb 12, 2018	1.01		1.11		1.01		1.08		1,756,290,000	39,262,700,000
Feb 11, 2018	1.07		1.08		0.929767	1.00		2,555,310,000	41,635,500,000
Feb 10, 2018	0.947251	1.30		0.947251	1.07		4,682,010,000	36,951,500,000
Feb 09, 2018	0.797140	0.954428	0.771540	0.954428	1,690,340,000	31,095,800,000