Ioda MIOTA
May 08, 2018	2.26	2.59	2.25	2.45	333,348,000	6,278,590,000
May 07, 2018	2.31	2.31	2.11	2.26	109,952,000	6,407,330,000
May 06, 2018	2.38	2.51	2.21	2.30	114,890,000	6,614,280,000
May 05, 2018	2.47	2.47	2.31	2.38	101,642,000	6,852,260,000
May 04, 2018	2.58	2.59	2.35	2.47	150,327,000	7,170,930,000
May 03, 2018	2.27	2.68	2.20	2.60	327,371,000	6,312,720,000
May 02, 2018	1.99	2.31	1.94	2.26	166,059,000	5,518,050,000
May 01, 2018	1.96	1.98	1.84	1.98	66,547,100	5,444,860,000
Apr 30, 2018	2.04	2.05	1.94	1.96	61,762,500	5,676,530,000
Apr 29, 2018	2.03	2.12	1.94	2.05	83,230,200	5,649,210,000
Apr 28, 2018	1.89	2.09	1.89	2.04	71,172,500	5,247,860,000
Apr 27, 2018	2.05	2.09	1.89	1.90	68,547,100	5,684,200,000
Apr 26, 2018	1.79	2.05	1.73	2.04	84,783,800	4,988,450,000
Apr 25, 2018	2.14	2.14	1.74	1.80	154,365,000	5,939,790,000
Apr 24, 2018	2.13	2.21	2.12	2.15	97,529,200	5,913,730,000
Apr 23, 2018	2.00	2.18	2.00	2.13	93,462,000	5,564,960,000
Apr 22, 2018	1.92	2.10	1.89	2.01	95,478,200	5,341,490,000
Apr 21, 2018	1.97	1.99	1.80	1.92	80,024,500	5,481,630,000
Apr 20, 2018	1.77	2.00	1.74	1.97	109,930,000	4,924,960,000
Apr 19, 2018	1.69	1.78	1.65	1.77	66,210,300	4,684,180,000
Apr 18, 2018	1.55	1.70	1.55	1.69	58,938,900	4,320,330,000
Apr 17, 2018	1.62	1.66	1.54	1.55	57,495,900	4,499,890,000
Apr 16, 2018	1.66	1.69	1.52	1.62	83,770,400	4,624,260,000
Apr 15, 2018	1.44	1.69	1.44	1.67	135,481,000	3,992,880,000
Apr 14, 2018	1.31	1.45	1.29	1.43	47,173,200	3,647,790,000
Apr 13, 2018	1.33	1.50	1.28	1.32	90,093,700	3,707,450,000
Apr 12, 2018	1.07	1.38	1.04	1.34	81,319,300	2,961,960,000
Apr 11, 2018	1.01	1.07	1.00	1.07	23,924,000	2,801,700,000
Apr 10, 2018	0.99055 1.01	0.96779 1.01	21,163,200	2,753,270,000
Apr 09, 2018	1.02	1.06	0.96725	0.98950 25,263,700	2,842,810,000
Apr 08, 2018	0.98100	1.05	0.98100 1.02	23,121,200	2,726,750,000
Apr 07, 2018	0.93545	1.01	0.93456 0.98471	13,535,500	2,600,120,000
Apr 06, 2018	0.97973	0.99530	0.92920	0.93536	13,385,200	2,723,200,000
Apr 05, 2018	0.99024	0.99094	0.94114	0.98295	19,414,000	2,752,430,000
Apr 04, 2018	1.11	1.11	0.97096	0.99015	20,877,700	3,079,660,000
Apr 03, 2018	1.03	1.12	1.03	1.11	30,602,800	2,872,410,000
Apr 02, 2018	0.99517 1.06	0.99085	1.03	26,124,500	2,766,120,000
Apr 01, 2018	1.08	1.10	0.95661	0.99479	35,953,200	3,004,660,000
Mar 31, 2018	1.11	1.16	1.07	1.08	28,350,300	3,088,360,000
Mar 30, 2018	1.09	1.14	1.05	1.11	37,597,100	3,034,950,000
Mar 29, 2018	1.19	1.19	1.07	1.09	38,707,000	3,315,390,000
Mar 28, 2018	1.17	1.24	1.16	1.19	24,150,200	3,258,650,000
Mar 27, 2018	1.23	1.24	1.16	1.17	29,726,700	3,431,480,000
Mar 26, 2018	1.32	1.33	1.18	1.24	32,849,900	3,675,430,000
Mar 25, 2018	1.31	1.35	1.28	1.32	26,291,200	3,654,020,000
Mar 24, 2018	1.35	1.41	1.33	1.33	29,655,100	3,762,660,000
Mar 23, 2018	1.33	1.34	1.25	1.34	30,507,500	3,684,080,000
Mar 22, 2018	1.37	1.41	1.27	1.33	35,665,500	3,807,750,000
Mar 21, 2018	1.45	1.49	1.34	1.37	57,554,800	4,037,020,000
Mar 20, 2018	1.33	1.52	1.30	1.44	67,039,500	3,697,640,000
Mar 19, 2018	1.24	1.34	1.19	1.33	55,966,600	3,437,690,000
Mar 18, 2018	1.14	1.29	1.06	1.23	111,700,000	3,168,980,000
Mar 17, 2018	1.10	1.15	1.07	1.14	38,853,100	3,066,750,000
Mar 16, 2018	1.10	1.15	1.03	1.10	29,977,700	3,061,520,000
Mar 15, 2018	1.12	1.14	1.04	1.09	43,235,400	3,119,630,000
Mar 14, 2018	1.31	1.37	1.11	1.12	45,727,000	3,640,500,000
Mar 13, 2018	1.34	1.35	1.29	1.31	22,675,600	3,712,760,000
Mar 12, 2018	1.39	1.42	1.28	1.34	27,739,400	3,863,920,000
Mar 11, 2018	1.31	1.43	1.28	1.39	31,315,700	3,629,610,000
Mar 10, 2018	1.40	1.47	1.29	1.31	31,847,500	3,892,330,000
Mar 09, 2018	1.40	1.41	1.20	1.39	58,591,300	3,881,080,000
Mar 08, 2018	1.53	1.55	1.39	1.40	35,024,800	4,256,700,000
Mar 07, 2018	1.70	1.71	1.38	1.53	68,445,500	4,721,900,000
Mar 06, 2018	1.87	1.89	1.66	1.70	61,796,200	5,201,320,000
Mar 05, 2018	1.90	1.90	1.86	1.88	24,413,600	5,272,230,000
Mar 04, 2018	1.86	1.91	1.81	1.89	28,452,300	5,179,190,000
Mar 03, 2018	1.91	1.96	1.85	1.86	25,861,200	5,305,170,000
Mar 02, 2018	1.98	2.01	1.86	1.92	27,602,600	5,507,790,000
Mar 01, 2018	1.85	2.01	1.84	1.97	41,523,600	5,152,710,000
Feb 28, 2018	1.97	2.02	1.85	1.86	39,190,300	5,478,340,000
Feb 27, 2018	1.88	2.08	1.82	1.97	63,311,700	5,217,570,000
Feb 26, 2018	1.82	1.90	1.77	1.87	43,478,500	5,049,480,000
Feb 25, 2018	1.77	1.98	1.75	1.82	103,799,000	4,916,700,000
Feb 24, 2018	1.75	1.80	1.65	1.78	41,594,100	4,867,920,000
Feb 23, 2018	1.61	1.81	1.58	1.75	39,323,100	4,480,180,000
Feb 22, 2018	1.75	1.86	1.58	1.62	53,125,800	4,865,110,000
Feb 21, 2018	1.90	1.96	1.74	1.76	50,765,900	5,270,980,000
Feb 20, 2018	2.09	2.12	1.88	1.91	49,930,400	5,800,510,000
Feb 19, 2018	1.99	2.14	1.99	2.09	32,581,400	5,521,610,000
Feb 18, 2018	2.20	2.21	1.98	1.98	43,653,800	6,121,620,000
Feb 17, 2018	2.10	2.21	2.08	2.20	42,149,700	5,842,140,000
Feb 16, 2018	2.12	2.18	2.00	2.10	44,770,200	5,894,520,000
Feb 15, 2018	2.03	2.17	2.00	2.13	65,315,300	5,635,360,000
Feb 14, 2018	1.82	2.03	1.79	2.03	53,007,600	5,052,450,000
Feb 13, 2018	1.87	1.87	1.75	1.81	30,056,900	5,211,600,000
Feb 12, 2018	1.71	1.91	1.71	1.87	36,974,300	4,763,780,000
Feb 11, 2018	1.86	1.86	1.62	1.70	45,356,200	5,165,180,000
Feb 10, 2018	1.96	2.13	1.79	1.86	68,051,900	5,437,920,000